80 0.4218436873747495 0.581447963800905 0.10220440881763526 0.5656108597285069
80 0.08517034068136271 0.6357466063348417 0.1062124248496994 0.5294117647058824
80 0.6853707414829658 0.6380090497737557 0.16032064128256512 0.5429864253393666
80 0.48296593186372744 0.5497737556561086 0.08416833667334668 0.6651583710407241
80 0.5410821643286573 0.5950226244343892 0.07615230460921843 0.5294117647058824
80 0.3486973947895791 0.6515837104072398 0.08416833667334668 0.5339366515837105
80 0.8567134268537073 0.6289592760180996 0.1342685370741483 0.5972850678733033
80 0.1843687374749499 0.5429864253393666 0.1402805611222445 0.6787330316742082
80 0.9258517034068136 0.574660633484163 0.1002004008016032 0.6153846153846154
80 0.4539078156312625 0.5497737556561086 0.09418837675350701 0.6199095022624435
