84 0.25866666666666666 0.443 0.4053333333333333 0.23
84 0.4653333333333333 0.657 0.42933333333333334 0.25
84 0.7426666666666667 0.46900000000000003 0.4453333333333333 0.254
84 0.512 0.35000000000000003 0.26666666666666666 0.152
84 0.3813333333333333 0.217 0.288 0.194
84 0.72 0.076 0.224 0.12
84 0.12266666666666666 0.201 0.18133333333333332 0.10200000000000001
84 0.45066666666666666 0.091 0.22933333333333333 0.11800000000000001
84 0.7013333333333334 0.234 0.2773333333333333 0.148
84 0.768 0.519 0.3893333333333333 0.14200000000000002
