84 0.31857142857142856 0.8038793103448276 0.11714285714285715 0.11637931034482758
84 0.3578571428571429 0.6875 0.18142857142857144 0.12068965517241378
84 0.4607142857142857 0.6012931034482758 0.1442857142857143 0.10344827586206896
84 0.5057142857142857 0.7467672413793104 0.12285714285714286 0.09698275862068965
0 0.175 0.4838362068965517 0.1442857142857143 0.41594827586206895
0 0.6842857142857143 0.7176724137931034 0.19142857142857142 0.4698275862068965
0 0.4807142857142857 0.4051724137931034 0.14714285714285713 0.23275862068965517
0 0.06857142857142857 0.5053879310344828 0.10571428571428572 0.4202586206896552
0 0.6878571428571428 0.4375 0.10714285714285714 0.22844827586206895
0 0.77 0.49461206896551724 0.12571428571428572 0.27801724137931033
0 0.34714285714285714 0.4709051724137931 0.14 0.29094827586206895
