84 0.8513333333333333 0.627 0.292 0.394
84 0.43466666666666665 0.738 0.4666666666666667 0.46
84 0.12733333333333333 0.604 0.25466666666666665 0.328
84 0.3473333333333333 0.40800000000000003 0.236 0.312
84 0.6053333333333333 0.47200000000000003 0.304 0.264
84 0.12666666666666665 0.356 0.256 0.22
84 0.58 0.256 0.23466666666666666 0.2
84 0.78 0.214 0.24533333333333332 0.196
84 0.5153333333333333 0.147 0.244 0.162
84 0.8966666666666666 0.343 0.204 0.25
84 0.2733333333333333 0.20600000000000002 0.19999999999999998 0.18
