84 0.34707646176911544 0.503 0.3073463268365817 0.41000000000000003
84 0.8478260869565217 0.5760000000000001 0.2833583208395802 0.432
84 0.6776611694152923 0.834 0.2098950524737631 0.296
84 0.10494752623688156 0.577 0.20089955022488756 0.278
84 0.6071964017991004 0.519 0.23088455772113942 0.318
84 0.4535232383808096 0.8160000000000001 0.2083958020989505 0.296
84 0.2811094452773613 0.201 0.2353823088455772 0.294
84 0.08245877061469264 0.34800000000000003 0.1679160419790105 0.232
84 0.9265367316341829 0.294 0.13493253373313344 0.212
84 0.22938530734632684 0.802 0.2098950524737631 0.264
84 0.5314842578710645 0.18 0.22038980509745126 0.304
84 0.7391304347826086 0.255 0.21889055472263869 0.302
