84 0.229 0.7493333333333333 0.186 0.10666666666666666
84 0.267 0.8986666666666666 0.23 0.15466666666666667
84 0.148 0.8079999999999999 0.20400000000000001 0.15466666666666667
84 0.356 0.8013333333333333 0.108 0.14133333333333334
0 0.10400000000000001 0.5013333333333333 0.168 0.5493333333333333
0 0.911 0.5253333333333333 0.126 0.49066666666666664
0 0.298 0.4693333333333333 0.14400000000000002 0.432
0 0.841 0.4053333333333333 0.078 0.21333333333333332
0 0.6940000000000001 0.38 0.088 0.18933333333333333
0 0.541 0.4093333333333333 0.106 0.27999999999999997
0 0.615 0.3853333333333333 0.074 0.216
0 0.666 0.38666666666666666 0.156 0.224
0 0.427 0.44666666666666666 0.106 0.3173333333333333
84 0.657 0.9293333333333333 0.25 0.13066666666666665
84 0.513 0.7426666666666667 0.17 0.104
84 0.559 0.8373333333333333 0.20600000000000002 0.14933333333333332
84 0.606 0.6266666666666666 0.14400000000000002 0.10666666666666666
