0 0.51125 0.3388888888888889 0.0525 0.2851851851851852
0 0.058750000000000004 0.5925925925925926 0.0825 0.2740740740740741
0 0.34750000000000003 0.5851851851851853 0.125 0.45925925925925926
0 0.66125 0.5462962962962963 0.10250000000000001 0.17407407407407408
0 0.3975 0.3907407407407408 0.06 0.1814814814814815
0 0.20875 0.5685185185185185 0.1075 0.27037037037037037
0 0.62625 0.662962962962963 0.10250000000000001 0.2888888888888889
0 0.84125 0.6685185185185185 0.1125 0.2851851851851852
0 0.89375 0.34074074074074073 0.0725 0.15555555555555556
0 0.6375000000000001 0.3907407407407408 0.095 0.15925925925925927
0 0.77625 0.4759259259259259 0.08750000000000001 0.18888888888888888
0 0.73625 0.38333333333333336 0.0775 0.11481481481481481
0 0.8775000000000001 0.19814814814814816 0.045 0.13703703703703704
