84 0.8003913894324852 0.7350000000000001 0.09393346379647749 0.12333333333333334
0 0.62426614481409 0.3516666666666667 0.10567514677103718 0.23
0 0.512720156555773 0.34 0.09784735812133072 0.21333333333333335
0 0.1634050880626223 0.7200000000000001 0.25244618395303325 0.5466666666666667
0 0.885518590998043 0.38833333333333336 0.14677103718199608 0.2966666666666667
0 0.26810176125244617 0.335 0.10567514677103718 0.2366666666666667
0 0.6653620352250489 0.76 0.18395303326810175 0.39333333333333337
0 0.040117416829745595 0.23833333333333334 0.0684931506849315 0.48333333333333334
0 0.3747553816046967 0.32 0.10371819960861056 0.30000000000000004
0 0.14383561643835616 0.3516666666666667 0.11937377690802348 0.27666666666666667
0 0.7446183953033267 0.36000000000000004 0.11154598825831702 0.2733333333333334
84 0.41389432485322897 0.6916666666666668 0.20156555772994128 0.23
