0 0.7929166666666667 0.625 0.3275 0.745
0 0.6787500000000001 0.3275 0.12583333333333335 0.38
0 0.05291666666666667 0.25625 0.07583333333333334 0.28250000000000003
0 0.4179166666666667 0.4625 0.22416666666666668 0.5625
0 0.7879166666666667 0.14250000000000002 0.1325 0.2475
0 0.88875 0.320625 0.1125 0.25125000000000003
0 0.33125000000000004 0.21625 0.08583333333333334 0.2275
0 0.2516666666666667 0.30312500000000003 0.10666666666666667 0.30875
0 0.13875 0.125 0.12083333333333333 0.23750000000000002
0 0.2516666666666667 0.1375 0.07500000000000001 0.17250000000000001
0 0.155 0.540625 0.21333333333333335 0.60875
