0 0.18777777777777777 0.6975524475524475 0.18888888888888888 0.527972027972028
0 0.8322222222222222 0.5087412587412588 0.08666666666666667 0.22727272727272727
0 0.5622222222222222 0.3758741258741259 0.04888888888888889 0.21328671328671328
0 0.9411111111111111 0.6783216783216783 0.09555555555555556 0.4755244755244755
0 0.6966666666666667 0.479020979020979 0.07777777777777778 0.21678321678321677
0 0.6233333333333333 0.4772727272727273 0.07333333333333333 0.17832167832167833
0 0.18444444444444444 0.38636363636363635 0.057777777777777775 0.17832167832167833
0 0.8755555555555555 0.5751748251748252 0.08888888888888889 0.24825174825174826
0 0.7555555555555555 0.42132867132867136 0.057777777777777775 0.13636363636363635
0 0.2577777777777778 0.5559440559440559 0.08888888888888889 0.21678321678321677
0 0.07777777777777778 0.5664335664335665 0.07555555555555556 0.16083916083916083
0 0.4077777777777778 0.46678321678321677 0.06444444444444444 0.17832167832167833
0 0.38222222222222224 0.3723776223776224 0.06222222222222222 0.15034965034965034
