84 0.664424514200299 0.324 0.2825112107623318 0.228
84 0.1576980568011958 0.379 0.23168908819133036 0.20600000000000002
84 0.867713004484305 0.375 0.2376681614349776 0.25
84 0.43497757847533636 0.504 0.17937219730941706 0.148
84 0.6165919282511211 0.5680000000000001 0.1898355754857997 0.188
84 0.38565022421524664 0.23600000000000002 0.16143497757847533 0.112
84 0.9185351270553065 0.789 0.13303437967115098 0.19
84 0.7772795216741405 0.644 0.19730941704035876 0.164
84 0.19730941704035876 0.20400000000000001 0.24813153961136025 0.14
84 0.47757847533632286 0.301 0.2406576980568012 0.194
0 0.6322869955156951 0.129 0.26905829596412556 0.262
0 0.2944693572496263 0.089 0.16741405082212257 0.182
