84 0.392 0.24287856071964017 0.216 0.14692653673163417
84 0.149 0.36281859070464767 0.302 0.18590704647676162
84 0.28500000000000003 0.8838080959520239 0.302 0.1934032983508246
84 0.364 0.6994002998500749 0.392 0.18140929535232383
84 0.87 0.9010494752623688 0.176 0.10794602698650674
84 0.889 0.6679160419790104 0.218 0.0944527736131934
84 0.114 0.7923538230884557 0.228 0.12743628185907047
84 0.6950000000000001 0.7593703148425787 0.218 0.11544227886056971
84 0.8130000000000001 0.20164917541229385 0.19 0.13043478260869565
84 0.886 0.8178410794602698 0.216 0.15742128935532235
84 0.5680000000000001 0.608695652173913 0.244 0.11394302848575712
84 0.07100000000000001 0.8958020989505248 0.134 0.08845577211394302
84 0.8290000000000001 0.4302848575712144 0.314 0.15592203898050974
84 0.531 0.3448275862068965 0.274 0.1829085457271364
