84 0.5104947526236882 0.509 0.46926536731634183 0.406
84 0.2901049475262369 0.189 0.1634182908545727 0.126
84 0.2773613193403298 0.391 0.2698650674662669 0.242
84 0.820839580209895 0.445 0.2833583208395802 0.23
84 0.8455772113943029 0.304 0.27586206896551724 0.176
84 0.15817091454272864 0.273 0.25337331334332835 0.158
84 0.56071964017991 0.131 0.2338830584707646 0.162
84 0.8523238380809595 0.14200000000000002 0.22038980509745126 0.164
84 0.9272863568215892 0.776 0.136431784107946 0.296
84 0.697151424287856 0.17400000000000002 0.11094452773613193 0.136
84 0.4745127436281859 0.921 0.2623688155922039 0.134
