84 0.744 0.3123123123123123 0.10400000000000001 0.12012012012012012
84 0.651 0.5330330330330331 0.262 0.17117117117117117
84 0.406 0.49099099099099097 0.096 0.11711711711711711
84 0.754 0.6726726726726726 0.112 0.13813813813813813
84 0.51 0.2732732732732733 0.124 0.09009009009009009
84 0.547 0.3858858858858859 0.242 0.1831831831831832
0 0.921 0.21171171171171171 0.11800000000000001 0.4294294294294294
0 0.536 0.10960960960960961 0.164 0.22522522522522523
0 0.742 0.12912912912912913 0.152 0.26426426426426425
0 0.323 0.12912912912912913 0.162 0.24624624624624625
