84 0.47800000000000004 0.7146666666666667 0.088 0.08
84 0.5660000000000001 0.644 0.088 0.072
84 0.863 0.8653333333333333 0.138 0.12
84 0.582 0.7066666666666667 0.08 0.07466666666666666
84 0.359 0.9613333333333333 0.13 0.072
84 0.255 0.7666666666666666 0.114 0.08266666666666667
84 0.367 0.852 0.15 0.16266666666666665
84 0.8250000000000001 0.7893333333333333 0.126 0.08533333333333333
84 0.543 0.848 0.214 0.208
84 0.23800000000000002 0.8866666666666666 0.076 0.08266666666666667
84 0.332 0.6946666666666667 0.1 0.12
84 0.243 0.8653333333333333 0.106 0.12533333333333332
0 0.10400000000000001 0.3813333333333333 0.16 0.528
0 0.243 0.436 0.114 0.424
0 0.849 0.47866666666666663 0.138 0.41866666666666663
0 0.35000000000000003 0.5053333333333333 0.108 0.25866666666666666
0 0.961 0.496 0.066 0.44266666666666665
0 0.668 0.5213333333333333 0.156 0.24266666666666667
0 0.502 0.496 0.14400000000000002 0.24
