84 0.339 0.148014440433213 0.10200000000000001 0.20216606498194947
84 0.47100000000000003 0.21299638989169675 0.146 0.26714801444043323
84 0.15 0.3537906137184116 0.1 0.18050541516245489
84 0.873 0.4314079422382672 0.098 0.16967509025270758
84 0.279 0.759927797833935 0.10200000000000001 0.16967509025270758
84 0.783 0.4187725631768953 0.078 0.12996389891696752
84 0.626 0.5469314079422383 0.124 0.21299638989169675
84 0.366 0.30144404332129965 0.07200000000000001 0.13357400722021662
84 0.135 0.8447653429602888 0.082 0.16606498194945848
0 0.865 0.18231046931407943 0.214 0.3501805054151625
84 0.303 0.5812274368231047 0.126 0.24548736462093865
84 0.706 0.7635379061371842 0.108 0.19133574007220217
