84 0.4874661246612466 0.679 0.1483739837398374 0.222
84 0.2540650406504065 0.5700000000000001 0.08943089430894309 0.192
0 0.027777777777777776 0.425 0.04878048780487805 0.418
0 0.825880758807588 0.545 0.16531165311653118 0.87
0 0.7090108401084011 0.427 0.06436314363143632 0.342
0 0.4823848238482385 0.357 0.037940379403794036 0.146
0 0.5389566395663956 0.342 0.04539295392953929 0.2
0 0.26355013550135503 0.378 0.04742547425474255 0.168
0 0.6592140921409214 0.393 0.04742547425474255 0.23
0 0.08943089430894309 0.392 0.051490514905149054 0.252
