84 0.521 0.496996996996997 0.154 0.07807807807807808
84 0.665 0.5938438438438438 0.198 0.1036036036036036
0 0.137 0.5630630630630631 0.234 0.5885885885885885
0 0.841 0.4797297297297297 0.254 0.5330330330330331
0 0.665 0.17642642642642642 0.17400000000000002 0.12162162162162161
0 0.153 0.1921921921921922 0.106 0.14414414414414414
0 0.6990000000000001 0.26126126126126126 0.194 0.15915915915915915
0 0.307 0.3400900900900901 0.154 0.24774774774774774
0 0.247 0.16891891891891891 0.11 0.13063063063063063
0 0.421 0.2057057057057057 0.146 0.1921921921921922
