84 0.7816326530612245 0.7942779291553134 0.22040816326530616 0.28065395095367845
84 0.6428571428571429 0.24250681198910082 0.19183673469387758 0.16893732970027248
84 0.2826530612244898 0.48501362397820164 0.1653061224489796 0.15803814713896458
84 0.2622448979591837 0.6784741144414169 0.23877551020408166 0.2561307901907357
84 0.7806122448979592 0.31335149863760214 0.17755102040816328 0.13623978201634876
84 0.2867346938775511 0.24523160762942778 0.21020408163265308 0.22888283378746593
84 0.10510204081632654 0.5245231607629428 0.1979591836734694 0.3405994550408719
84 0.6204081632653062 0.611716621253406 0.2122448979591837 0.21525885558583105
84 0.9010204081632653 0.4591280653950954 0.1816326530612245 0.220708446866485
84 0.5959183673469388 0.8365122615803814 0.1673469387755102 0.20163487738419617
84 0.4214285714285715 0.12397820163487738 0.07551020408163266 0.08991825613079019
84 0.4581632653061225 0.5435967302452316 0.2836734693877551 0.220708446866485
84 0.33265306122448984 0.37057220708446864 0.10204081632653061 0.10899182561307902
84 0.9040816326530613 0.6539509536784741 0.17142857142857143 0.19073569482288827
84 0.5602040816326531 0.19209809264305178 0.1163265306122449 0.08991825613079019
84 0.2285714285714286 0.7411444141689373 0.31428571428571433 0.33787465940054495
84 0.489795918367347 0.30926430517711173 0.1836734693877551 0.1989100817438692
84 0.4244897959183674 0.8814713896457765 0.1959183673469388 0.18256130790190736
84 0.5551020408163265 0.47275204359673023 0.27346938775510204 0.1880108991825613
