84 0.63 0.6711711711711712 0.096 0.08708708708708708
0 0.20700000000000002 0.4954954954954955 0.094 0.21621621621621623
0 0.645 0.4984984984984985 0.11 0.24624624624624625
0 0.781 0.44144144144144143 0.098 0.2042042042042042
0 0.488 0.7477477477477478 0.228 0.4744744744744745
0 0.327 0.5075075075075075 0.106 0.21021021021021022
0 0.158 0.7012012012012012 0.228 0.5795795795795796
0 0.781 0.7417417417417418 0.20600000000000002 0.4804804804804805
0 0.896 0.4954954954954955 0.08 0.27627627627627627
0 0.484 0.47297297297297297 0.124 0.26726726726726724
0 0.811 0.5690690690690691 0.14200000000000002 0.2912912912912913
0 0.9480000000000001 0.7102102102102102 0.092 0.44144144144144143
