84 0.4961636828644502 0.838 0.3222506393861893 0.252
84 0.8056265984654732 0.338 0.3069053708439898 0.22
84 0.180306905370844 0.8320000000000001 0.31457800511508954 0.228
84 0.1854219948849105 0.336 0.3657289002557545 0.268
84 0.4782608695652174 0.332 0.3222506393861893 0.252
84 0.8145780051150896 0.839 0.30434782608695654 0.266
0 0.8005115089514068 0.654 0.1278772378516624 0.152
0 0.9053708439897699 0.613 0.10741687979539642 0.202
0 0.1368286445012788 0.604 0.2020460358056266 0.23600000000000002
0 0.751918158567775 0.594 0.12276214833759591 0.136
