84 0.48469387755102045 0.6784741144414169 0.2469387755102041 0.2561307901907357
84 0.7244897959183674 0.6267029972752043 0.2653061224489796 0.2670299727520436
84 0.7928571428571429 0.4891008174386921 0.20612244897959187 0.1880108991825613
84 0.7377551020408164 0.3337874659400545 0.1816326530612245 0.1662125340599455
84 0.33571428571428574 0.26021798365122617 0.18979591836734697 0.17166212534059944
84 0.17755102040816328 0.3637602179836512 0.1959183673469388 0.18256130790190736
84 0.5663265306122449 0.24659400544959126 0.23877551020408166 0.17166212534059944
84 0.44489795918367353 0.47956403269754766 0.15918367346938778 0.20163487738419617
84 0.4071428571428572 0.4182561307901907 0.17755102040816328 0.1771117166212534
84 0.6040816326530613 0.40599455040871935 0.15918367346938778 0.15258855585831063
84 0.6010204081632654 0.48365122615803813 0.16122448979591839 0.20435967302452315
