84 0.291 0.6373333333333333 0.098 0.09066666666666666
84 0.188 0.596 0.12 0.056
84 0.201 0.6386666666666666 0.08600000000000001 0.06666666666666667
84 0.404 0.6733333333333333 0.10400000000000001 0.088
84 0.705 0.6586666666666666 0.078 0.064
84 0.638 0.6773333333333333 0.08 0.10133333333333333
84 0.522 0.7 0.124 0.09866666666666667
0 0.079 0.756 0.14200000000000002 0.39199999999999996
0 0.735 0.484 0.098 0.17333333333333334
0 0.9440000000000001 0.5893333333333333 0.084 0.224
0 0.041 0.46799999999999997 0.07 0.184
0 0.301 0.41466666666666663 0.082 0.14666666666666667
0 0.922 0.7346666666666667 0.116 0.4026666666666667
0 0.191 0.436 0.074 0.12533333333333332
0 0.848 0.5346666666666666 0.1 0.19466666666666665
0 0.633 0.4613333333333333 0.066 0.11733333333333333
0 0.558 0.45199999999999996 0.06 0.10933333333333332
0 0.10400000000000001 0.4493333333333333 0.084 0.15733333333333333
0 0.392 0.42133333333333334 0.068 0.144
0 0.489 0.4413333333333333 0.066 0.12
