84 0.5382308845577212 0.647 0.1679160419790105 0.182
84 0.335832083958021 0.55 0.14392803598200898 0.132
84 0.5824587706146926 0.48 0.12743628185907047 0.116
84 0.6101949025487257 0.4 0.10794602698650674 0.092
84 0.7001499250374812 0.449 0.10494752623688156 0.09
84 0.45277361319340326 0.384 0.13793103448275862 0.10400000000000001
84 0.6964017991004497 0.5670000000000001 0.1664167916041979 0.162
0 0.5704647676161919 0.231 0.12143928035982009 0.234
0 0.27136431784107945 0.279 0.1199400299850075 0.226
0 0.12968515742128936 0.521 0.2083958020989505 0.646
0 0.44302848575712145 0.247 0.10644677661169415 0.23800000000000002
0 0.8928035982008995 0.319 0.16041979010494753 0.358
0 0.8230884557721139 0.8130000000000001 0.2338830584707646 0.358
0 0.7623688155922038 0.224 0.1424287856071964 0.292
