84 0.296 0.6893333333333334 0.34400000000000003 0.38666666666666666
84 0.43 0.19333333333333333 0.196 0.152
84 0.615 0.17733333333333332 0.218 0.13599999999999998
84 0.08700000000000001 0.612 0.17400000000000002 0.2693333333333333
84 0.585 0.7839999999999999 0.262 0.39466666666666667
84 0.486 0.41333333333333333 0.316 0.2613333333333333
84 0.803 0.716 0.186 0.2373333333333333
84 0.916 0.308 0.148 0.184
84 0.729 0.30266666666666664 0.19 0.17333333333333334
84 0.098 0.372 0.2 0.2373333333333333
84 0.266 0.216 0.196 0.13866666666666666
