84 0.6221628838451269 0.535 0.06942590120160214 0.066
84 0.40787716955941256 0.646 0.09479305740987984 0.092
84 0.5440587449933244 0.707 0.09212283044058744 0.106
84 0.43991989319092123 0.5700000000000001 0.10814419225634178 0.076
84 0.5634178905206942 0.627 0.1308411214953271 0.094
0 0.5781041388518023 0.419 0.1041388518024032 0.19
0 0.7222963951935915 0.804 0.22429906542056074 0.388
0 0.7076101468624832 0.424 0.10947930574098798 0.228
0 0.0527369826435247 0.651 0.102803738317757 0.538
0 0.42323097463284376 0.403 0.09879839786381842 0.242
0 0.8404539385847797 0.433 0.08945260347129506 0.274
0 0.9506008010680908 0.775 0.09345794392523364 0.326
0 0.2389853137516689 0.47700000000000004 0.157543391188251 0.266
0 0.15554072096128171 0.5750000000000001 0.102803738317757 0.294
0 0.9399198931909212 0.37 0.09345794392523364 0.304
0 0.9025367156208277 0.5760000000000001 0.16555407209612816 0.296
