84 0.834 0.6182634730538923 0.264 0.3263473053892216
84 0.437 0.18263473053892218 0.14200000000000002 0.1377245508982036
84 0.633 0.7724550898203594 0.23800000000000002 0.31736526946107785
84 0.24 0.690119760479042 0.276 0.2844311377245509
84 0.428 0.781437125748503 0.2 0.2754491017964072
84 0.12 0.49251497005988026 0.20800000000000002 0.22455089820359284
84 0.892 0.4640718562874252 0.196 0.17964071856287425
84 0.305 0.21107784431137727 0.11 0.12275449101796408
84 0.554 0.20059880239520958 0.108 0.16167664670658682
84 0.19 0.29940119760479045 0.188 0.17365269461077845
84 0.39 0.45958083832335334 0.312 0.344311377245509
