84 0.468 0.7072072072072072 0.484 0.23723723723723725
84 0.357 0.30255255255255253 0.226 0.13063063063063063
84 0.551 0.4797297297297297 0.28600000000000003 0.19369369369369369
84 0.732 0.38213213213213215 0.22 0.12162162162162161
84 0.843 0.7064564564564565 0.294 0.2147147147147147
84 0.261 0.23048048048048048 0.214 0.0915915915915916
84 0.637 0.18093093093093093 0.158 0.08858858858858859
84 0.537 0.33183183183183185 0.178 0.11711711711711711
84 0.209 0.4084084084084084 0.258 0.15915915915915915
84 0.355 0.09984984984984985 0.17 0.11261261261261261
84 0.321 0.5285285285285285 0.262 0.17417417417417416
84 0.222 0.14714714714714713 0.192 0.09009009009009009
84 0.661 0.26426426426426425 0.166 0.1021021021021021
84 0.808 0.5195195195195195 0.23600000000000002 0.17417417417417416
84 0.47300000000000003 0.24324324324324323 0.198 0.09009009009009009
84 0.541 0.11186186186186187 0.146 0.08858858858858859
