84 0.17881355932203388 0.7889390519187358 0.34067796610169493 0.36343115124153497
84 0.5279661016949152 0.8261851015801354 0.40508474576271186 0.33408577878103835
84 0.8661016949152542 0.44018058690744916 0.2542372881355932 0.30699774266365687
84 0.2906779661016949 0.48532731376975163 0.32372881355932204 0.29796839729119634
84 0.5983050847457627 0.4480812641083521 0.25084745762711863 0.2641083521444695
84 0.7364406779661017 0.23250564334085777 0.2627118644067796 0.2076749435665914
84 0.47203389830508474 0.35440180586907444 0.1135593220338983 0.1038374717832957
84 0.5576271186440678 0.2313769751693002 0.18305084745762712 0.20541760722347627
84 0.733050847457627 0.5553047404063205 0.15084745762711865 0.15349887133182843
84 0.4491525423728813 0.5936794582392776 0.13559322033898305 0.15801354401805867
84 0.13559322033898305 0.3148984198645598 0.2542372881355932 0.255079006772009
