84 0.542 0.524 0.1 0.088
84 0.449 0.5853333333333333 0.082 0.06666666666666667
84 0.631 0.62 0.10200000000000001 0.09333333333333332
84 0.405 0.5533333333333333 0.074 0.056
0 0.913 0.6253333333333333 0.14200000000000002 0.5253333333333333
0 0.493 0.388 0.09 0.23199999999999998
0 0.738 0.42533333333333334 0.092 0.24266666666666667
0 0.398 0.39199999999999996 0.092 0.24533333333333332
0 0.672 0.3773333333333333 0.08 0.22133333333333333
0 0.09 0.64 0.156 0.64
0 0.584 0.4026666666666667 0.1 0.21866666666666665
0 0.8280000000000001 0.4666666666666667 0.10400000000000001 0.33066666666666666
0 0.179 0.5013333333333333 0.122 0.4106666666666667
0 0.28200000000000003 0.428 0.1 0.35466666666666663
0 0.308 0.3773333333333333 0.08 0.2693333333333333
0 0.91 0.412 0.07200000000000001 0.184
