84 0.29610194902548725 0.792 0.10644677661169415 0.124
84 0.833583208395802 0.61 0.09295352323838081 0.07200000000000001
84 0.4265367316341829 0.655 0.136431784107946 0.13
84 0.815592203898051 0.683 0.05997001499250375 0.074
84 0.4737631184407796 0.8310000000000001 0.12593703148425786 0.138
0 0.8515742128935532 0.41500000000000004 0.19490254872563717 0.35000000000000003
0 0.3748125937031484 0.366 0.1169415292353823 0.228
0 0.07196401799100449 0.424 0.12593703148425786 0.32
0 0.5194902548725637 0.331 0.12143928035982009 0.242
0 0.19415292353823088 0.423 0.13343328335832083 0.358
0 0.2361319340329835 0.241 0.08845577211394302 0.17
0 0.6559220389805097 0.355 0.12143928035982009 0.274
0 0.17241379310344826 0.201 0.06896551724137931 0.158
