84 0.7346326836581709 0.667 0.27586206896551724 0.28200000000000003
84 0.46101949025487254 0.678 0.2653673163418291 0.28400000000000003
84 0.4265367316341829 0.275 0.15442278860569714 0.098
84 0.46026986506746626 0.462 0.20389805097451275 0.17200000000000001
84 0.7668665667166417 0.41200000000000003 0.16041979010494753 0.108
84 0.8470764617691154 0.527 0.2098950524737631 0.202
84 0.22338830584707645 0.607 0.239880059970015 0.23
84 0.7338830584707646 0.326 0.15142428785607195 0.116
84 0.964767616191904 0.457 0.06146926536731634 0.074
84 0.30509745127436283 0.314 0.15442278860569714 0.088
84 0.52023988005997 0.366 0.1169415292353823 0.128
84 0.19640179910044978 0.907 0.20689655172413793 0.15
84 0.2361319340329835 0.399 0.22938530734632684 0.158
84 0.5802098950524738 0.28500000000000003 0.12593703148425786 0.11
