84 0.36220472440944884 0.6960000000000001 0.12148481439820023 0.148
84 0.4668166479190102 0.755 0.11698537682789653 0.13
84 0.5703037120359955 0.711 0.11023622047244096 0.106
84 0.6501687289088864 0.668 0.09673790776152982 0.12
84 0.4437570303712036 0.613 0.09336332958380203 0.074
84 0.3160854893138358 0.604 0.08773903262092239 0.08
84 0.44938132733408326 0.665 0.10686164229471318 0.09
84 0.5393700787401575 0.641 0.09561304836895389 0.08600000000000001
84 0.7289088863892014 0.651 0.08098987626546683 0.082
84 0.29077615298087744 0.552 0.061867266591676046 0.08
0 0.8025871766029247 0.427 0.1316085489313836 0.342
0 0.3143982002249719 0.34600000000000003 0.16310461192350958 0.34800000000000003
0 0.1473565804274466 0.373 0.13048368953880765 0.318
0 0.6321709786276716 0.369 0.10573678290213724 0.278
84 0.4454443194600675 0.543 0.08098987626546683 0.08600000000000001
84 0.6001124859392577 0.542 0.0641169853768279 0.056
84 0.5354330708661418 0.557 0.058492688413948266 0.062
