84 0.4070464767616192 0.745 0.07646176911544228 0.07
84 0.5569715142428785 0.865 0.10644677661169415 0.106
0 0.5472263868065966 0.403 0.10494752623688156 0.25
0 0.6319340329835083 0.43 0.1184407796101949 0.232
0 0.4002998500749625 0.45 0.1619190404797601 0.292
0 0.8200899550224887 0.646 0.22488755622188905 0.452
0 0.5922038980509745 0.41600000000000004 0.13793103448275862 0.252
0 0.212143928035982 0.647 0.29535232383808097 0.442
0 0.2773613193403298 0.452 0.11394302848575712 0.252
0 0.7053973013493253 0.47500000000000003 0.10944527736131934 0.23800000000000002
