84 0.656671664167916 0.916 0.13493253373313344 0.14400000000000002
84 0.6259370314842578 0.673 0.10044977511244378 0.09
84 0.8020989505247376 0.917 0.14992503748125938 0.13
0 0.1191904047976012 0.716 0.17841079460269865 0.512
0 0.9250374812593702 0.724 0.12893553223388304 0.452
0 0.8553223388305847 0.489 0.16941529235382308 0.354
0 0.6476761619190404 0.435 0.1199400299850075 0.35000000000000003
0 0.5044977511244377 0.45 0.1184407796101949 0.336
0 0.36356821589205396 0.448 0.1184407796101949 0.4
0 0.33433283358320837 0.8200000000000001 0.21889055472263869 0.34
0 0.24062968515742128 0.496 0.10644677661169415 0.356
0 0.095952023988006 0.45 0.15292353823088456 0.24
