84 0.5225000000000001 0.57 0.14166666666666666 0.10444444444444445
0 0.25 0.7322222222222222 0.23333333333333334 0.5266666666666666
0 0.5466666666666667 0.3477777777777778 0.11333333333333334 0.20222222222222222
0 0.06583333333333334 0.6133333333333333 0.10833333333333334 0.5111111111111111
0 0.68 0.3433333333333333 0.12666666666666668 0.19333333333333333
0 0.9258333333333334 0.7244444444444444 0.14166666666666666 0.5377777777777778
0 0.8858333333333334 0.37 0.10833333333333334 0.2511111111111111
0 0.7283333333333334 0.2511111111111111 0.07 0.15555555555555556
0 0.6583333333333333 0.7522222222222222 0.25 0.4866666666666667
0 0.052500000000000005 0.30444444444444446 0.09833333333333334 0.19111111111111112
0 0.3225 0.29888888888888887 0.15833333333333335 0.30444444444444446
