0 0.4346846846846847 0.543 0.1066066066066066 0.186
0 0.3333333333333333 0.536 0.07807807807807808 0.244
0 0.5765765765765766 0.538 0.11711711711711711 0.224
0 0.8806306306306306 0.557 0.13063063063063063 0.266
0 0.6711711711711712 0.53 0.08108108108108109 0.24
0 0.16066066066066065 0.631 0.17717717717717718 0.402
0 0.25375375375375375 0.592 0.09309309309309309 0.28
0 0.8858858858858859 0.443 0.10810810810810811 0.17
0 0.7897897897897898 0.6920000000000001 0.2552552552552553 0.428
80 0.48423423423423423 0.263 0.3108108108108108 0.354
