84 0.3408408408408408 0.686 0.10810810810810811 0.124
84 0.45495495495495497 0.668 0.1111111111111111 0.108
84 0.4069069069069069 0.754 0.1021021021021021 0.10400000000000001
0 0.06156156156156156 0.6950000000000001 0.10810810810810811 0.502
0 0.6306306306306306 0.423 0.09309309309309309 0.234
0 0.4797297297297297 0.423 0.12462462462462462 0.246
0 0.3483483483483483 0.43 0.10810810810810811 0.276
0 0.8551051051051051 0.633 0.13663663663663664 0.39
0 0.24174174174174173 0.47000000000000003 0.13213213213213212 0.316
0 0.8333333333333334 0.459 0.08408408408408408 0.226
0 0.7244744744744744 0.457 0.11561561561561562 0.298
0 0.13288288288288289 0.541 0.13663663663663664 0.306
0 0.9181681681681682 0.768 0.11561561561561562 0.40800000000000003
