84 0.5744897959183674 0.6092307692307692 0.0836734693877551 0.09230769230769231
0 0.666326530612245 0.4276923076923077 0.07551020408163266 0.24615384615384617
0 0.25612244897959185 0.4676923076923077 0.12040816326530614 0.24
0 0.44795918367346943 0.3953846153846154 0.07551020408163266 0.2123076923076923
0 0.3622448979591837 0.4430769230769231 0.07551020408163266 0.18461538461538463
0 0.7387755102040817 0.5276923076923077 0.09387755102040818 0.23692307692307693
0 0.8040816326530613 0.6630769230769231 0.13877551020408163 0.36615384615384616
0 0.16224489795918368 0.6630769230769231 0.19387755102040818 0.36615384615384616
0 0.06938775510204082 0.3723076923076923 0.0816326530612245 0.18461538461538463
0 0.21836734693877552 0.7861538461538462 0.1673469387755102 0.3476923076923077
0 0.8836734693877552 0.8369230769230769 0.18775510204081636 0.3076923076923077
0 0.55 0.41384615384615386 0.08775510204081634 0.18153846153846154
0 0.10408163265306124 0.28615384615384615 0.05306122448979592 0.11076923076923077
