84 0.500462962962963 0.7430555555555556 0.4064814814814815 0.28055555555555556
84 0.46944444444444444 0.525 0.3111111111111111 0.22222222222222224
84 0.32916666666666666 0.37986111111111115 0.19907407407407407 0.13472222222222222
84 0.8305555555555556 0.6583333333333333 0.29814814814814816 0.22777777777777777
84 0.8935185185185186 0.49236111111111114 0.13333333333333333 0.12361111111111112
84 0.6277777777777778 0.45069444444444445 0.16111111111111112 0.11527777777777778
84 0.513425925925926 0.3736111111111111 0.18055555555555555 0.10833333333333334
84 0.5537037037037037 0.08888888888888889 0.1388888888888889 0.18055555555555555
84 0.7217592592592593 0.37777777777777777 0.09722222222222222 0.09444444444444444
84 0.7550925925925926 0.5701388888888889 0.3101851851851852 0.1486111111111111
84 0.3092592592592593 0.4951388888888889 0.08333333333333334 0.09861111111111112
84 0.8638888888888889 0.8645833333333334 0.27037037037037037 0.24861111111111112
0 0.8041666666666667 0.15069444444444444 0.3138888888888889 0.3041666666666667
