84 0.599 0.6666666666666666 0.11 0.058666666666666666
84 0.423 0.6786666666666666 0.078 0.072
0 0.073 0.6733333333333333 0.126 0.49866666666666665
0 0.869 0.6426666666666666 0.198 0.5493333333333333
0 0.177 0.496 0.078 0.24533333333333332
0 0.24 0.6893333333333334 0.184 0.568
0 0.321 0.472 0.08600000000000001 0.224
0 0.589 0.5146666666666666 0.078 0.14933333333333332
0 0.492 0.488 0.088 0.16
0 0.4 0.5213333333333333 0.07200000000000001 0.13599999999999998
0 0.771 0.5826666666666667 0.082 0.21066666666666667
