84 0.26700251889168763 0.7911111111111111 0.29219143576826195 0.38222222222222224
84 0.8161209068010076 0.4622222222222222 0.22670025188916876 0.16
84 0.3790931989924433 0.10222222222222223 0.12846347607052896 0.1511111111111111
84 0.7178841309823677 0.7133333333333334 0.2720403022670025 0.39555555555555555
84 0.24181360201511334 0.1288888888888889 0.16624685138539042 0.21333333333333332
84 0.7329974811083123 0.2111111111111111 0.10579345088161209 0.1111111111111111
84 0.14357682619647355 0.3622222222222222 0.1712846347607053 0.28888888888888886
84 0.17002518891687657 0.5888888888888889 0.20906801007556675 0.22666666666666666
84 0.4093198992443325 0.38 0.198992443324937 0.24444444444444444
84 0.7821158690176322 0.32222222222222224 0.12846347607052896 0.16444444444444445
84 0.508816120906801 0.8488888888888889 0.1712846347607053 0.27555555555555555
84 0.49874055415617125 0.6155555555555555 0.17632241813602015 0.19111111111111112
