84 0.6983967935871743 0.47231833910034604 0.06212424849699398 0.09342560553633218
0 0.10521042084168336 0.615916955017301 0.1503006012024048 0.45674740484429066
0 0.6122244488977956 0.7422145328719724 0.16633266533066132 0.41868512110726647
0 0.8116232464929859 0.39100346020761245 0.07615230460921843 0.24913494809688583
0 0.812625250501002 0.6799307958477508 0.13026052104208416 0.43252595155709345
0 0.1753507014028056 0.34429065743944637 0.05410821643286573 0.1903114186851211
0 0.9118236472945891 0.5588235294117647 0.1282565130260521 0.39100346020761245
0 0.23647294589178355 0.33217993079584773 0.06012024048096192 0.17993079584775087
0 0.40581162324649295 0.2820069204152249 0.06613226452905811 0.13494809688581316
0 0.5070140280561122 0.27335640138408307 0.05611222444889779 0.1453287197231834
0 0.3917835671342685 0.7076124567474049 0.17434869739478956 0.39792387543252594
0 0.7324649298597193 0.3408304498269896 0.07414829659318636 0.16262975778546712
0 0.12725450901803606 0.4013840830449827 0.07014028056112225 0.17993079584775087
0 0.5791583166332664 0.28027681660899656 0.06412825651302605 0.15916955017301038
0 0.3356713426853707 0.2993079584775087 0.07014028056112225 0.13494809688581316
