84 0.5881763527054108 0.42473118279569894 0.07414829659318636 0.07526881720430108
84 0.5160320641282564 0.5501792114695341 0.09819639278557113 0.1111111111111111
84 0.5901803607214429 0.6093189964157706 0.10220440881763526 0.12186379928315412
84 0.6663326653306613 0.5716845878136201 0.10220440881763526 0.1111111111111111
84 0.5501002004008015 0.48028673835125446 0.08216432865731463 0.07168458781362007
0 0.2855711422845691 0.2670250896057348 0.1623246492985972 0.44086021505376344
0 0.9108216432865731 0.6075268817204301 0.14228456913827653 0.6845878136200717
0 0.39378757515030055 0.23476702508960573 0.11823647294589178 0.4336917562724014
0 0.6402805611222444 0.23476702508960573 0.13827655310621242 0.3046594982078853
0 0.8587174348697394 0.18996415770609318 0.09418837675350701 0.2867383512544803
0 0.19338677354709416 0.5734767025089605 0.1903807615230461 0.6021505376344086
0 0.879759519038076 0.34050179211469533 0.13226452905811623 0.3010752688172043
0 0.30260521042084165 0.7132616487455197 0.24849699398797592 0.5663082437275986
0 0.5140280561122244 0.1774193548387097 0.0781563126252505 0.36200716845878134
0 0.4609218436873747 0.24372759856630824 0.0721442885771543 0.43010752688172044
0 0.8747494989979959 0.4910394265232975 0.13827655310621242 0.5376344086021505
0 0.07014028056112225 0.4874551971326165 0.12424849699398796 0.7813620071684588
