84 0.447 0.4894894894894895 0.318 0.1831831831831832
84 0.662 0.3108108108108108 0.228 0.12612612612612611
84 0.156 0.6561561561561562 0.304 0.21921921921921922
84 0.557 0.234984984984985 0.202 0.0915915915915916
84 0.355 0.19294294294294295 0.218 0.1066066066066066
84 0.433 0.6704204204204204 0.322 0.1996996996996997
84 0.17300000000000001 0.39564564564564564 0.28200000000000003 0.15465465465465467
84 0.579 0.15465465465465467 0.198 0.0960960960960961
84 0.434 0.3400900900900901 0.276 0.15165165165165165
84 0.78 0.23798798798798798 0.164 0.0945945945945946
84 0.748 0.5690690690690691 0.316 0.21021021021021022
84 0.8200000000000001 0.3310810810810811 0.10400000000000001 0.0945945945945946
