84 0.4977511244377811 0.492 0.3058470764617691 0.41200000000000003
84 0.7721139430284857 0.47200000000000003 0.2788605697151424 0.4
84 0.17166416791604197 0.25 0.2623688155922039 0.352
84 0.7031484257871065 0.805 0.2608695652173913 0.34600000000000003
84 0.43178410794602695 0.8200000000000001 0.27586206896551724 0.308
84 0.36281859070464767 0.148 0.15592203898050974 0.196
84 0.5907046476761619 0.178 0.27586206896551724 0.3
84 0.793103448275862 0.20400000000000001 0.14992503748125938 0.2
84 0.37181409295352325 0.34900000000000003 0.1649175412293853 0.214
84 0.21364317841079458 0.624 0.2593703148425787 0.36
