84 0.15444015444015444 0.7000000000000001 0.31145431145431146 0.544
84 0.4736164736164736 0.803 0.4195624195624196 0.366
84 0.5 0.342 0.3590733590733591 0.46
84 0.12998712998713 0.301 0.2625482625482625 0.358
84 0.7554697554697555 0.34400000000000003 0.10553410553410553 0.16
84 0.888030888030888 0.259 0.20077220077220076 0.278
84 0.5501930501930502 0.182 0.40797940797940796 0.14400000000000002
84 0.26383526383526384 0.088 0.2574002574002574 0.18
84 0.8301158301158301 0.672 0.31145431145431146 0.432
84 0.4774774774774775 0.044 0.16473616473616473 0.092
