0 0.14392803598200898 0.253 0.20689655172413793 0.258
0 0.2616191904047976 0.136 0.0914542728635682 0.2
0 0.36656671664167917 0.101 0.0944527736131934 0.20600000000000002
0 0.7158920539730135 0.154 0.0914542728635682 0.184
0 0.6349325337331334 0.111 0.10644677661169415 0.182
0 0.7961019490254873 0.203 0.1199400299850075 0.19
0 0.505247376311844 0.09 0.08995502248875561 0.18
84 0.31409295352323835 0.49 0.10944527736131934 0.1
84 0.3103448275862069 0.362 0.08695652173913043 0.076
84 0.36356821589205396 0.293 0.07646176911544228 0.08600000000000001
84 0.36506746626686654 0.5720000000000001 0.12443778110944527 0.128
84 0.5239880059970015 0.654 0.08245877061469264 0.108
84 0.5907046476761619 0.596 0.10794602698650674 0.184
84 0.5352323838080959 0.35000000000000003 0.09295352323838081 0.088
84 0.6889055472263867 0.377 0.11244377811094453 0.146
84 0.6476761619190404 0.552 0.1169415292353823 0.14
84 0.553223388305847 0.245 0.06896551724137931 0.094
84 0.37256371814092953 0.442 0.0944527736131934 0.112
84 0.5142428785607196 0.465 0.08095952023988005 0.15
84 0.6071964017991004 0.454 0.07796101949025487 0.12
84 0.4460269865067466 0.64 0.1454272863568216 0.16
