84 0.13457556935817808 0.712797619047619 0.2650103519668737 0.3482142857142857
84 0.19668737060041408 0.9181547619047619 0.1987577639751553 0.14583333333333331
84 0.36853002070393376 0.7514880952380952 0.2236024844720497 0.2589285714285714
84 0.8571428571428572 0.6607142857142857 0.2153209109730849 0.2857142857142857
84 0.30434782608695654 0.5104166666666666 0.24430641821946172 0.27678571428571425
84 0.7536231884057971 0.8303571428571428 0.24016563146997932 0.31547619047619047
84 0.5507246376811594 0.8050595238095237 0.1863354037267081 0.24107142857142855
84 0.6469979296066253 0.3050595238095238 0.19254658385093168 0.15178571428571427
84 0.8064182194616978 0.38095238095238093 0.19668737060041408 0.21428571428571427
84 0.11490683229813665 0.45982142857142855 0.18840579710144928 0.24107142857142855
84 0.26604554865424435 0.30357142857142855 0.2091097308488613 0.23214285714285712
84 0.5745341614906833 0.48363095238095233 0.36231884057971014 0.36607142857142855
