84 0.165 0.6138790035587188 0.334 0.5088967971530249
84 0.584 0.400355871886121 0.332 0.45195729537366547
84 0.731 0.7419928825622776 0.462 0.4377224199288256
84 0.111 0.3879003558718861 0.226 0.24911032028469748
84 0.879 0.47330960854092524 0.194 0.2846975088967971
84 0.512 0.2918149466192171 0.2 0.18505338078291814
84 0.504 0.12277580071174377 0.232 0.18149466192170818
84 0.787 0.2188612099644128 0.178 0.19572953736654802
84 0.664 0.6690391459074733 0.24 0.32028469750889677
84 0.34800000000000003 0.7722419928825622 0.26 0.4056939501779359
84 0.376 0.4483985765124555 0.192 0.24911032028469748
84 0.26 0.1779359430604982 0.252 0.24911032028469748
