84 0.601 0.82 0.25 0.27999999999999997
84 0.386 0.876 0.232 0.2373333333333333
84 0.3 0.6573333333333333 0.16 0.14666666666666667
84 0.266 0.7959999999999999 0.184 0.16799999999999998
84 0.189 0.5346666666666666 0.09 0.088
84 0.6970000000000001 0.5906666666666667 0.138 0.10933333333333332
84 0.41000000000000003 0.58 0.128 0.10933333333333332
84 0.627 0.6586666666666666 0.158 0.16
84 0.546 0.5893333333333333 0.124 0.10666666666666666
84 0.452 0.688 0.18 0.176
0 0.101 0.27466666666666667 0.158 0.5439999999999999
0 0.678 0.30666666666666664 0.264 0.4106666666666667
0 0.891 0.3133333333333333 0.17400000000000002 0.424
0 0.37 0.23066666666666666 0.216 0.4613333333333333
84 0.8140000000000001 0.9053333333333333 0.256 0.17866666666666667
84 0.777 0.696 0.158 0.15466666666666667
