0 0.9527736131934033 0.613 0.07646176911544228 0.246
0 0.4737631184407796 0.756 0.2128935532233883 0.464
0 0.14692653673163417 0.76 0.1679160419790105 0.428
0 0.272863568215892 0.5750000000000001 0.11394302848575712 0.214
0 0.3755622188905547 0.597 0.08545727136431784 0.182
0 0.5232383808095952 0.577 0.08395802098950525 0.194
0 0.6589205397301349 0.618 0.10344827586206896 0.216
0 0.8418290854572713 0.61 0.1184407796101949 0.248
0 0.7428785607196402 0.637 0.1184407796101949 0.306
0 0.07496251874062969 0.6920000000000001 0.12893553223388304 0.34400000000000003
0 0.7106446776611693 0.758 0.1649175412293853 0.36
