84 0.4881944444444445 0.625 0.24305555555555555 0.222
84 0.49236111111111114 0.761 0.1375 0.106
0 0.8708333333333333 0.52 0.18333333333333335 0.744
0 0.07986111111111112 0.555 0.14027777777777778 0.6940000000000001
0 0.19652777777777777 0.433 0.18472222222222223 0.598
0 0.6951388888888889 0.365 0.15694444444444444 0.37
0 0.32430555555555557 0.293 0.12916666666666668 0.362
0 0.6868055555555556 0.17300000000000001 0.11527777777777778 0.25
0 0.06180555555555556 0.106 0.08472222222222223 0.216
0 0.14722222222222223 0.508 0.16944444444444445 0.66
0 0.795138888888889 0.122 0.10694444444444445 0.20400000000000001
0 0.9437500000000001 0.266 0.09027777777777778 0.28800000000000003
