84 0.4942857142857143 0.7799043062200957 0.26 0.33014354066985646
84 0.7078571428571429 0.44138755980861244 0.23 0.284688995215311
84 0.2735714285714286 0.6208133971291866 0.24142857142857144 0.22248803827751196
84 0.6307142857142857 0.1291866028708134 0.15 0.11961722488038277
84 0.49 0.5358851674641149 0.22285714285714286 0.21052631578947367
84 0.175 0.8528708133971291 0.3357142857142857 0.2607655502392344
84 0.7464285714285714 0.7595693779904306 0.2757142857142857 0.30861244019138756
84 0.475 0.3576555023923445 0.19285714285714287 0.1985645933014354
84 0.105 0.3672248803827751 0.2042857142857143 0.1985645933014354
84 0.5164285714285715 0.16746411483253587 0.1357142857142857 0.11483253588516745
84 0.7814285714285715 0.2763157894736842 0.12857142857142856 0.12200956937799043
84 0.20142857142857143 0.24880382775119617 0.20285714285714285 0.14354066985645933
84 0.2807142857142857 0.423444976076555 0.21285714285714286 0.18181818181818182
84 0.6178571428571429 0.2631578947368421 0.21571428571428572 0.18660287081339713
84 0.385 0.23684210526315788 0.15285714285714286 0.1770334928229665
84 0.285 0.3050239234449761 0.09571428571428571 0.09330143540669857
