84 0.494 0.7701492537313432 0.096 0.13134328358208955
84 0.59 0.7835820895522388 0.092 0.13432835820895522
84 0.773 0.8223880597014925 0.11 0.15223880597014924
84 0.5670000000000001 0.6582089552238806 0.106 0.14029850746268657
84 0.647 0.6686567164179105 0.078 0.10149253731343284
0 0.251 0.3611940298507463 0.154 0.43582089552238806
0 0.378 0.3686567164179104 0.14 0.2835820895522388
0 0.897 0.4388059701492537 0.166 0.7880597014925373
0 0.525 0.3880597014925373 0.126 0.2507462686567164
0 0.113 0.5537313432835821 0.20600000000000002 0.791044776119403
0 0.687 0.4507462686567164 0.166 0.31044776119402984
