84 0.5353773584905661 0.6833333333333333 0.13050314465408805 0.11333333333333333
84 0.5369496855345912 0.4533333333333333 0.06446540880503145 0.07111111111111111
0 0.1289308176100629 0.5433333333333333 0.19811320754716982 0.7533333333333333
0 0.24135220125786164 0.47 0.1556603773584906 0.5133333333333333
0 0.5707547169811321 0.2733333333333333 0.07547169811320756 0.2311111111111111
0 0.75 0.36444444444444446 0.16666666666666669 0.3377777777777778
0 0.06839622641509434 0.17444444444444446 0.12421383647798742 0.35333333333333333
0 0.8451257861635221 0.59 0.2279874213836478 0.5177777777777778
0 0.6674528301886793 0.32222222222222224 0.09905660377358491 0.3244444444444444
84 0.4606918238993711 0.4722222222222222 0.07861635220125787 0.11333333333333333
