0 0.401 0.44744744744744747 0.082 0.1921921921921922
0 0.867 0.6351351351351351 0.15 0.44144144144144143
0 0.682 0.46996996996997 0.092 0.24924924924924924
0 0.61 0.45495495495495497 0.068 0.17117117117117117
0 0.327 0.44894894894894893 0.074 0.22522522522522523
0 0.252 0.47897897897897895 0.07200000000000001 0.2072072072072072
0 0.751 0.551051051051051 0.07 0.23723723723723725
0 0.096 0.35735735735735735 0.10400000000000001 0.27627627627627627
0 0.152 0.6351351351351351 0.176 0.5375375375375375
0 0.199 0.46846846846846846 0.054 0.24024024024024024
0 0.512 0.43543543543543545 0.1 0.2042042042042042
0 0.8130000000000001 0.5375375375375375 0.07 0.2822822822822823
