0 0.24285714285714288 0.4625 0.10476190476190478 0.1875
0 0.17023809523809524 0.9125000000000001 0.11666666666666668 0.16875
0 0.38571428571428573 0.503125 0.11904761904761905 0.21250000000000002
0 0.12142857142857144 0.3875 0.10952380952380954 0.23125
0 0.5226190476190476 0.5875 0.09285714285714286 0.3125
0 0.8107142857142858 0.4 0.08333333333333334 0.17500000000000002
0 0.7261904761904763 0.7390625000000001 0.1380952380952381 0.359375
0 0.7202380952380953 0.4546875 0.0880952380952381 0.19062500000000002
0 0.9011904761904763 0.55625 0.0880952380952381 0.18125000000000002
0 0.29404761904761906 0.1625 0.0642857142857143 0.14375000000000002
0 0.861904761904762 0.26406250000000003 0.06190476190476191 0.140625
0 0.3511904761904762 0.3671875 0.08333333333333334 0.15937500000000002
0 0.886904761904762 0.3984375 0.0642857142857143 0.19687500000000002
0 0.46547619047619054 0.35781250000000003 0.06904761904761905 0.178125
