0 0.334 0.4799465240641711 0.088 0.23796791443850265
0 0.6970000000000001 0.4679144385026738 0.114 0.2299465240641711
0 0.47700000000000004 0.47058823529411764 0.114 0.21390374331550802
0 0.228 0.7205882352941176 0.16 0.47326203208556145
0 0.10400000000000001 0.5975935828877005 0.156 0.44652406417112295
0 0.895 0.5855614973262032 0.15 0.3903743315508021
0 0.8130000000000001 0.6938502673796791 0.21 0.4679144385026738
0 0.243 0.4919786096256684 0.11800000000000001 0.2245989304812834
0 0.395 0.3422459893048128 0.08600000000000001 0.2459893048128342
0 0.797 0.41711229946524064 0.07 0.1497326203208556
0 0.515 0.4612299465240641 0.07 0.20053475935828877
0 0.5740000000000001 0.40106951871657753 0.056 0.1925133689839572
0 0.17500000000000002 0.3903743315508021 0.062 0.1711229946524064
