84 0.442 0.6746666666666666 0.128 0.13866666666666666
84 0.323 0.6706666666666666 0.11 0.12
84 0.583 0.588 0.098 0.072
84 0.745 0.6306666666666666 0.094 0.08266666666666667
84 0.626 0.636 0.10400000000000001 0.08266666666666667
84 0.502 0.8133333333333334 0.12 0.112
0 0.877 0.6573333333333333 0.17 0.5733333333333334
0 0.437 0.3853333333333333 0.114 0.19466666666666665
0 0.052000000000000005 0.4053333333333333 0.092 0.368
0 0.266 0.3813333333333333 0.132 0.24533333333333332
0 0.764 0.4333333333333333 0.132 0.27999999999999997
0 0.633 0.39466666666666667 0.122 0.2773333333333333
