0 0.14709371293001186 0.7171189979123173 0.11387900355871887 0.45302713987473897
0 0.5361803084223014 0.5313152400835073 0.06168446026097272 0.25260960334029225
0 0.2147093712930012 0.5135699373695198 0.06405693950177936 0.1962421711899791
0 0.7627520759193358 0.5407098121085594 0.05931198102016608 0.2797494780793319
0 0.4650059311981021 0.6200417536534446 0.09489916963226572 0.30480167014613774
0 0.30782918149466193 0.4853862212943632 0.09134045077105576 0.19415448851774528
0 0.8238434163701068 0.47703549060542794 0.0438908659549229 0.20250521920668058
0 0.8973902728351127 0.43528183716075153 0.04151838671411626 0.14822546972860123
0 0.6613285883748518 0.4446764091858037 0.04626334519572954 0.12526096033402923
0 0.0800711743772242 0.6356993736951982 0.11269276393831555 0.38622129436325675
0 0.7087781731909847 0.43945720250521914 0.036773428232502965 0.15657620041753653
