0 0.21014492753623187 0.7282608695652174 0.15942028985507248 0.5130434782608696
0 0.8471014492753624 0.716304347826087 0.16666666666666666 0.4847826086956522
0 0.31956521739130433 0.5065217391304347 0.10579710144927536 0.2608695652173913
0 0.46159420289855074 0.5086956521739131 0.12318840579710146 0.24347826086956523
0 0.5572463768115942 0.8271739130434783 0.1753623188405797 0.341304347826087
0 0.0963768115942029 0.6108695652173913 0.13478260869565217 0.3652173913043478
0 0.11666666666666667 0.36086956521739133 0.08550724637681159 0.16956521739130434
0 0.6347826086956522 0.4923913043478261 0.15072463768115943 0.25434782608695655
0 0.9021739130434783 0.5869565217391305 0.12608695652173912 0.29130434782608694
0 0.813768115942029 0.4956521739130435 0.09420289855072464 0.21304347826086956
