84 0.4505247376311844 0.594 0.0704647676161919 0.076
0 0.6124437781109445 0.634 0.1634182908545727 0.46
0 0.5974512743628185 0.422 0.0914542728635682 0.17200000000000001
0 0.4970014992503748 0.41200000000000003 0.0944527736131934 0.152
0 0.37631184407796103 0.426 0.09895052473763118 0.164
0 0.8493253373313343 0.5690000000000001 0.17841079460269865 0.63
0 0.2901049475262369 0.646 0.1874062968515742 0.436
0 0.1679160419790105 0.5640000000000001 0.1409295352323838 0.356
0 0.712143928035982 0.47300000000000003 0.09295352323838081 0.23800000000000002
0 0.27211394302848574 0.427 0.07646176911544228 0.198
0 0.8470764617691154 0.417 0.20089955022488756 0.39
