84 0.320859872611465 0.872 0.15445859872611467 0.136
84 0.4570063694267516 0.8280000000000001 0.12738853503184713 0.088
84 0.5055732484076433 0.919 0.17356687898089174 0.126
84 0.6671974522292994 0.841 0.14968152866242038 0.10200000000000001
0 0.5437898089171975 0.463 0.09394904458598727 0.27
0 0.07882165605095542 0.583 0.13535031847133758 0.546
0 0.25477707006369427 0.433 0.0732484076433121 0.23800000000000002
0 0.36703821656050956 0.508 0.1449044585987261 0.428
0 0.1926751592356688 0.545 0.14012738853503184 0.434
0 0.7699044585987261 0.516 0.1449044585987261 0.444
0 0.9140127388535032 0.511 0.1337579617834395 0.374
0 0.4514331210191083 0.501 0.09713375796178345 0.302
0 0.6616242038216561 0.549 0.11305732484076433 0.33
