84 0.30466666666666664 0.736 0.2813333333333333 0.372
84 0.3753333333333333 0.326 0.108 0.128
84 0.212 0.5750000000000001 0.11733333333333333 0.154
84 0.2813333333333333 0.41500000000000004 0.12266666666666666 0.154
84 0.124 0.534 0.22666666666666666 0.16
84 0.49133333333333334 0.28 0.09999999999999999 0.112
84 0.722 0.834 0.23866666666666667 0.304
84 0.23333333333333334 0.314 0.17333333333333334 0.164
84 0.36133333333333334 0.516 0.07733333333333334 0.112
84 0.832 0.629 0.248 0.23800000000000002
84 0.48933333333333334 0.382 0.064 0.1
84 0.39399999999999996 0.154 0.16133333333333333 0.232
84 0.4693333333333333 0.581 0.13599999999999998 0.178
84 0.8453333333333333 0.439 0.23199999999999998 0.186
84 0.7393333333333333 0.333 0.15066666666666667 0.138
84 0.5026666666666666 0.8320000000000001 0.18666666666666665 0.308
84 0.16066666666666665 0.749 0.06 0.126
84 0.6226666666666666 0.444 0.27199999999999996 0.304
