84 0.232 0.18450704225352113 0.368 0.3014084507042254
84 0.557 0.2563380281690141 0.294 0.28732394366197184
84 0.799 0.4507042253521127 0.122 0.14647887323943662
84 0.604 0.4943661971830986 0.272 0.27323943661971833
84 0.34400000000000003 0.7943661971830986 0.16 0.23098591549295777
84 0.651 0.7816901408450705 0.15 0.23380281690140847
84 0.491 0.7774647887323944 0.154 0.24225352112676057
84 0.9380000000000001 0.5464788732394367 0.116 0.3267605633802817
84 0.739 0.2549295774647887 0.214 0.21126760563380284
84 0.243 0.471830985915493 0.39 0.4084507042253521
