84 0.5096501809408926 0.652 0.08805790108564535 0.092
84 0.42219541616405304 0.591 0.11821471652593485 0.154
0 0.8636911942098914 0.613 0.20989143546441494 0.766
0 0.37273823884197826 0.438 0.10856453558504221 0.328
0 0.7509047044632087 0.37 0.05669481302774427 0.2
0 0.5494571773220748 0.40900000000000003 0.09047044632086851 0.274
0 0.9390832328106151 0.272 0.047044632086851626 0.17200000000000001
0 0.6833534378769601 0.449 0.10012062726176116 0.262
0 0.6646562123039806 0.364 0.09650180940892641 0.20800000000000002
0 0.16827503015681544 0.609 0.19903498190591074 0.622
