84 0.614 0.7106666666666667 0.08 0.06666666666666667
84 0.465 0.6133333333333333 0.11800000000000001 0.08533333333333333
84 0.538 0.7373333333333333 0.096 0.104
84 0.5750000000000001 0.608 0.078 0.08533333333333333
0 0.267 0.6906666666666667 0.278 0.5653333333333334
0 0.08700000000000001 0.588 0.134 0.488
0 0.801 0.476 0.09 0.2373333333333333
0 0.391 0.39999999999999997 0.11 0.192
0 0.7000000000000001 0.44666666666666666 0.12 0.248
0 0.262 0.4013333333333333 0.136 0.17866666666666667
0 0.395 0.22666666666666666 0.138 0.23466666666666666
0 0.5680000000000001 0.4093333333333333 0.1 0.22133333333333333
0 0.895 0.5573333333333333 0.10200000000000001 0.288
