84 0.5007496251874063 0.578 0.34182908545727136 0.316
84 0.31859070464767614 0.34900000000000003 0.3103448275862069 0.25
84 0.5562218890554722 0.17 0.25487256371814093 0.22
84 0.8568215892053973 0.177 0.23238380809595202 0.218
84 0.7398800599700149 0.34600000000000003 0.2773613193403298 0.272
84 0.7901049475262368 0.797 0.26686656671664166 0.294
84 0.1911544227886057 0.744 0.32233883058470764 0.304
84 0.7076461769115442 0.158 0.12293853073463268 0.156
84 0.944527736131934 0.378 0.095952023988006 0.232
84 0.07196401799100449 0.542 0.14692653673163417 0.324
84 0.46851574212893554 0.853 0.424287856071964 0.27
84 0.8860569715142429 0.594 0.20689655172413793 0.232
