84 0.3575712143928036 0.59 0.19640179910044978 0.148
84 0.19490254872563717 0.765 0.37181409295352325 0.258
84 0.4917541229385307 0.79 0.25487256371814093 0.256
84 0.7578710644677661 0.644 0.07646176911544228 0.08
84 0.4767616191904048 0.556 0.10494752623688156 0.084
84 0.0712143928035982 0.611 0.1454272863568216 0.158
84 0.34407796101949023 0.482 0.12743628185907047 0.108
84 0.868815592203898 0.58 0.14842578710644677 0.092
84 0.7211394302848575 0.741 0.20389805097451275 0.17
84 0.6124437781109445 0.594 0.1934032983508246 0.168
84 0.709895052473763 0.514 0.12143928035982009 0.10400000000000001
0 0.5854572713643178 0.178 0.07346326836581708 0.28
0 0.7016491754122939 0.34 0.20689655172413793 0.34400000000000003
0 0.1866566716641679 0.28800000000000003 0.22038980509745126 0.484
0 0.4467766116941529 0.3 0.20389805097451275 0.444
0 0.020989505247376312 0.094 0.035982008995502246 0.192
