84 0.7668665667166417 0.768 0.18140929535232383 0.152
84 0.6319340329835083 0.5640000000000001 0.17241379310344826 0.112
84 0.6986506746626686 0.654 0.14392803598200898 0.096
84 0.5554722638680659 0.8260000000000001 0.18440779610194902 0.188
84 0.5899550224887556 0.722 0.15142428785607195 0.14400000000000002
0 0.8980509745127436 0.396 0.15892053973013492 0.356
0 0.1184407796101949 0.321 0.19490254872563717 0.47000000000000003
0 0.6259370314842578 0.34700000000000003 0.11244377811094453 0.162
0 0.5112443778110944 0.329 0.08995502248875561 0.158
0 0.3298350824587706 0.23500000000000001 0.08695652173913043 0.214
0 0.41379310344827586 0.32 0.09295352323838081 0.17200000000000001
0 0.7871064467766117 0.369 0.09295352323838081 0.25
0 0.7233883058470765 0.337 0.07646176911544228 0.218
