84 0.464 0.5416666666666666 0.128 0.11904761904761904
0 0.21 0.775297619047619 0.228 0.431547619047619
0 0.724 0.46428571428571425 0.096 0.20833333333333331
0 0.052000000000000005 0.5238095238095237 0.08 0.23214285714285712
0 0.872 0.7723214285714285 0.2 0.44345238095238093
0 0.35100000000000003 0.4568452380952381 0.09 0.17559523809523808
0 0.264 0.4538690476190476 0.084 0.16964285714285712
0 0.151 0.5074404761904762 0.098 0.1994047619047619
0 0.899 0.5148809523809523 0.11 0.25
84 0.603 0.6785714285714285 0.162 0.09523809523809523
