84 0.485 0.4378698224852071 0.366 0.4556213017751479
84 0.244 0.772189349112426 0.328 0.40236686390532544
84 0.709 0.20266272189349113 0.234 0.23964497041420119
84 0.896 0.15088757396449703 0.2 0.21301775147928995
84 0.215 0.1849112426035503 0.19 0.1863905325443787
84 0.44 0.20266272189349113 0.2 0.17455621301775148
84 0.632 0.8210059171597633 0.34800000000000003 0.32840236686390534
84 0.894 0.8387573964497042 0.2 0.2692307692307692
84 0.066 0.30177514792899407 0.132 0.2485207100591716
84 0.8230000000000001 0.4911242603550296 0.314 0.41420118343195267
84 0.05 0.5236686390532544 0.1 0.16568047337278105
84 0.20500000000000002 0.3964497041420118 0.258 0.3136094674556213
