84 0.4566666666666667 0.6322222222222222 0.09000000000000001 0.07777777777777778
0 0.8450000000000001 0.46 0.08333333333333334 0.19555555555555557
0 0.9291666666666667 0.5955555555555555 0.10833333333333334 0.23555555555555555
0 0.15416666666666667 0.5533333333333333 0.07500000000000001 0.2222222222222222
0 0.6633333333333333 0.5355555555555556 0.08 0.18222222222222223
0 0.33416666666666667 0.5311111111111111 0.07833333333333334 0.18222222222222223
0 0.6675000000000001 0.45111111111111113 0.08166666666666667 0.18222222222222223
0 0.24416666666666667 0.5333333333333333 0.09166666666666667 0.2311111111111111
0 0.7508333333333334 0.5455555555555556 0.07833333333333334 0.18888888888888888
0 0.5783333333333334 0.5266666666666666 0.07333333333333333 0.2
0 0.4116666666666667 0.5211111111111111 0.07 0.18444444444444444
0 0.5433333333333333 0.4255555555555556 0.05333333333333334 0.18
0 0.4941666666666667 0.5366666666666666 0.09166666666666667 0.1711111111111111
0 0.8525 0.5666666666666667 0.09166666666666667 0.2
0 0.12333333333333334 0.4311111111111111 0.09333333333333334 0.17333333333333334
0 0.06916666666666667 0.5977777777777777 0.10500000000000001 0.3111111111111111
0 0.35250000000000004 0.4311111111111111 0.06166666666666667 0.1511111111111111
0 0.7466666666666667 0.45 0.07666666666666667 0.18444444444444444
0 0.5950000000000001 0.43222222222222223 0.05666666666666667 0.14444444444444443
0 0.47250000000000003 0.41444444444444445 0.055 0.16666666666666666
84 0.8108333333333334 0.7866666666666666 0.14500000000000002 0.14666666666666667
