84 0.2556221889055472 0.754 0.27436281859070466 0.304
84 0.5809595202398801 0.5690000000000001 0.47826086956521735 0.234
84 0.9347826086956521 0.447 0.11544227886056971 0.08600000000000001
84 0.8065967016491754 0.833 0.28785607196401797 0.29
84 0.0704647676161919 0.605 0.12593703148425786 0.08600000000000001
0 0.6941529235382309 0.317 0.12893553223388304 0.198
0 0.46476761619190404 0.31 0.10794602698650674 0.18
0 0.9160419790104948 0.303 0.1199400299850075 0.23
0 0.5659670164917541 0.304 0.0914542728635682 0.184
0 0.31784107946026985 0.336 0.14992503748125938 0.228
