84 0.7491525423728813 0.7727272727272727 0.4949152542372881 0.3727272727272727
84 0.7186440677966102 0.42386363636363633 0.4101694915254237 0.27954545454545454
84 0.5728813559322034 0.24204545454545454 0.21016949152542372 0.13863636363636364
84 0.3432203389830508 0.23068181818181818 0.21864406779661016 0.15227272727272725
84 0.1483050847457627 0.34204545454545454 0.2593220338983051 0.17954545454545454
84 0.4016949152542373 0.3625 0.2847457627118644 0.18409090909090908
84 0.7830508474576271 0.25795454545454544 0.2305084745762712 0.175
84 0.19152542372881357 0.13295454545454544 0.1559322033898305 0.1477272727272727
84 0.29915254237288136 0.575 0.411864406779661 0.23636363636363636
84 0.7796610169491526 0.6795454545454546 0.2135593220338983 0.1590909090909091
84 0.6686440677966101 0.725 0.34745762711864403 0.2590909090909091
