84 0.5344827586206896 0.557 0.09745127436281859 0.078
84 0.6206896551724138 0.609 0.10494752623688156 0.098
84 0.4160419790104947 0.593 0.07646176911544228 0.078
84 0.5089955022488756 0.617 0.10944527736131934 0.074
0 0.7361319340329835 0.433 0.09895052473763118 0.19
0 0.5734632683658171 0.41500000000000004 0.10644677661169415 0.154
0 0.10419790104947525 0.5660000000000001 0.1454272863568216 0.36
0 0.20014992503748125 0.683 0.2143928035982009 0.51
0 0.41529235382308843 0.426 0.13193403298350825 0.18
0 0.25412293853073464 0.46900000000000003 0.136431784107946 0.218
0 0.8898050974512743 0.468 0.10044977511244378 0.272
