84 0.228 0.795373665480427 0.216 0.21708185053380782
84 0.553 0.6227758007117438 0.226 0.19217081850533807
84 0.792 0.7295373665480427 0.228 0.2277580071174377
84 0.742 0.588967971530249 0.16 0.12455516014234874
84 0.482 0.50355871886121 0.128 0.10320284697508897
84 0.49 0.8167259786476868 0.328 0.21708185053380782
84 0.624 0.5088967971530249 0.132 0.099644128113879
0 0.163 0.3612099644128114 0.214 0.4875444839857651
0 0.727 0.3167259786476868 0.186 0.4199288256227758
0 0.404 0.3096085409252669 0.136 0.3558718861209964
0 0.548 0.27580071174377224 0.108 0.2669039145907473
0 0.926 0.25088967971530246 0.10400000000000001 0.4590747330960854
