84 0.7020000000000001 0.36431784107946025 0.224 0.10194902548725637
84 0.252 0.3538230884557721 0.188 0.08395802098950525
84 0.281 0.2736131934032983 0.178 0.0914542728635682
84 0.56 0.18590704647676162 0.228 0.095952023988006
84 0.524 0.27211394302848574 0.176 0.07346326836581708
84 0.742 0.47826086956521735 0.292 0.09895052473763118
84 0.686 0.27511244377811095 0.196 0.0704647676161919
84 0.168 0.46401799100449775 0.244 0.15442278860569714
84 0.484 0.34707646176911544 0.18 0.08245877061469264
84 0.6880000000000001 0.6101949025487257 0.324 0.239880059970015
84 0.146 0.8935532233883058 0.272 0.17691154422788605
84 0.443 0.4407796101949025 0.254 0.1169415292353823
84 0.338 0.5817091454272864 0.296 0.17991004497751123
