84 0.5299850074962519 0.65 0.11244377811094453 0.096
84 0.6259370314842578 0.669 0.07346326836581708 0.066
84 0.41529235382308843 0.63 0.07496251874062969 0.068
84 0.5187406296851574 0.735 0.07796101949025487 0.082
0 0.8035982008995503 0.764 0.20389805097451275 0.41600000000000004
0 0.2646176911544228 0.726 0.27136431784107945 0.52
0 0.7623688155922038 0.328 0.1634182908545727 0.356
0 0.1401799100449775 0.5690000000000001 0.22338830584707645 0.526
0 0.8658170914542729 0.561 0.1874062968515742 0.378
0 0.5592203898050975 0.448 0.14692653673163417 0.308
0 0.7068965517241379 0.5660000000000001 0.15442278860569714 0.256
0 0.19265367316341828 0.672 0.2593703148425787 0.5720000000000001
0 0.39055472263868063 0.462 0.13343328335832083 0.248
