84 0.12416666666666668 0.7888888888888889 0.125 0.1111111111111111
84 0.8250000000000001 0.6822222222222222 0.11 0.08888888888888889
84 0.675 0.8288888888888889 0.20333333333333334 0.19111111111111112
84 0.48500000000000004 0.8333333333333334 0.12333333333333334 0.18222222222222223
84 0.47000000000000003 0.5888888888888889 0.35000000000000003 0.24888888888888888
0 0.7766666666666667 0.32555555555555554 0.10666666666666667 0.2866666666666667
0 0.41250000000000003 0.29777777777777775 0.09833333333333334 0.26666666666666666
0 0.3116666666666667 0.33111111111111113 0.10666666666666667 0.23555555555555555
0 0.21000000000000002 0.3088888888888889 0.10666666666666667 0.32
0 0.5358333333333334 0.30666666666666664 0.09166666666666667 0.24444444444444444
0 0.8833333333333334 0.6455555555555555 0.19666666666666668 0.5266666666666666
0 0.6441666666666667 0.2966666666666667 0.14500000000000002 0.32666666666666666
0 0.8858333333333334 0.29444444444444445 0.12166666666666667 0.24222222222222223
0 0.10416666666666667 0.36444444444444446 0.12166666666666667 0.32
