0 0.2906666666666667 0.587 0.15466666666666667 0.378
0 0.10666666666666666 0.624 0.13599999999999998 0.356
0 0.4666666666666667 0.551 0.13599999999999998 0.274
0 0.4686666666666667 0.41100000000000003 0.11333333333333333 0.214
0 0.282 0.393 0.09733333333333333 0.146
0 0.40066666666666667 0.394 0.06533333333333333 0.16
0 0.18266666666666667 0.422 0.072 0.168
0 0.132 0.428 0.07733333333333334 0.164
0 0.7146666666666667 0.424 0.10666666666666666 0.256
0 0.8306666666666667 0.441 0.088 0.222
0 0.9326666666666666 0.386 0.08399999999999999 0.18
0 0.6053333333333333 0.429 0.09066666666666666 0.20600000000000002
