84 0.40929535232383807 0.756 0.26686656671664166 0.34400000000000003
84 0.8268365817091454 0.678 0.2353823088455772 0.272
84 0.10644677661169415 0.315 0.17991004497751123 0.182
84 0.47826086956521735 0.48 0.3088455772113943 0.308
84 0.22788605697151423 0.163 0.20089955022488756 0.186
84 0.684407796101949 0.314 0.24137931034482757 0.304
84 0.4752623688155922 0.199 0.17691154422788605 0.19
84 0.636431784107946 0.129 0.22938530734632684 0.17
84 0.676911544227886 0.809 0.24737631184407796 0.358
84 0.17091454272863568 0.728 0.239880059970015 0.304
84 0.2578710644677661 0.359 0.2098950524737631 0.202
84 0.8898050974512743 0.441 0.18440779610194902 0.262
84 0.10119940029985007 0.528 0.20239880059970014 0.244
