84 0.3644927536231884 0.7532751091703056 0.12608695652173912 0.148471615720524
84 0.4652173913043478 0.759825327510917 0.06956521739130435 0.11353711790393012
84 0.5855072463768116 0.7620087336244541 0.09565217391304348 0.11790393013100436
84 0.663768115942029 0.7085152838427947 0.12173913043478261 0.0982532751091703
84 0.6014492753623188 0.6058951965065502 0.0782608695652174 0.10262008733624453
0 0.37681159420289856 0.42139737991266374 0.09565217391304348 0.2838427947598253
0 0.46956521739130436 0.4672489082969432 0.06376811594202898 0.22707423580786024
0 0.6115942028985507 0.4421397379912664 0.06666666666666667 0.19868995633187772
0 0.686231884057971 0.4421397379912664 0.07101449275362319 0.26419213973799127
0 0.527536231884058 0.45524017467248906 0.07246376811594203 0.24672489082969432
0 0.7666666666666667 0.4661572052401746 0.08405797101449275 0.2947598253275109
0 0.9246376811594204 0.6615720524017467 0.14492753623188406 0.6681222707423581
0 0.13115942028985508 0.5917030567685589 0.23333333333333334 0.759825327510917
