84 0.541 0.7751322751322751 0.422 0.43915343915343913
84 0.686 0.5542328042328042 0.32 0.24603174603174602
84 0.23600000000000002 0.873015873015873 0.332 0.23809523809523808
84 0.127 0.7156084656084656 0.23 0.26190476190476186
84 0.121 0.4775132275132275 0.234 0.21957671957671956
84 0.737 0.35978835978835977 0.222 0.19047619047619047
84 0.258 0.376984126984127 0.228 0.2037037037037037
84 0.545 0.2698412698412698 0.198 0.23809523809523808
84 0.873 0.787037037037037 0.25 0.3201058201058201
84 0.394 0.4828042328042328 0.268 0.1984126984126984
84 0.385 0.2632275132275132 0.146 0.1402116402116402
