84 0.48000000000000004 0.64 0.06666666666666667 0.11333333333333334
84 0.5650000000000001 0.6166666666666667 0.07333333333333333 0.13333333333333333
84 0.4066666666666667 0.5983333333333334 0.060000000000000005 0.10333333333333335
0 0.06333333333333334 0.7050000000000001 0.11333333333333334 0.51
0 0.4341666666666667 0.16833333333333333 0.065 0.2833333333333333
0 0.8933333333333334 0.5733333333333334 0.14 0.31333333333333335
0 0.9025000000000001 0.7416666666666667 0.10500000000000001 0.4366666666666667
0 0.28750000000000003 0.21333333333333335 0.065 0.31333333333333335
0 0.5658333333333334 0.23500000000000001 0.065 0.24333333333333335
0 0.6275000000000001 0.28 0.06833333333333334 0.25333333333333335
0 0.5075000000000001 0.2 0.07166666666666667 0.29333333333333333
0 0.1391666666666667 0.5183333333333333 0.15166666666666667 0.39
0 0.22 0.24833333333333335 0.07333333333333333 0.32333333333333336
0 0.6966666666666667 0.31333333333333335 0.06333333333333334 0.24000000000000002
0 0.8158333333333334 0.8166666666666668 0.13166666666666668 0.35333333333333333
0 0.35750000000000004 0.18666666666666668 0.07833333333333334 0.33333333333333337
0 0.7541666666666668 0.3666666666666667 0.06833333333333334 0.26666666666666666
0 0.6233333333333334 0.8033333333333333 0.15000000000000002 0.35333333333333333
0 0.8133333333333334 0.41500000000000004 0.08333333333333334 0.2966666666666667
0 0.135 0.17666666666666667 0.08333333333333334 0.22
0 0.0425 0.4416666666666667 0.08166666666666667 0.4033333333333334
0 0.25916666666666666 0.7183333333333334 0.24166666666666667 0.55
0 0.8525 0.5316666666666667 0.065 0.24333333333333335
0 0.15083333333333335 0.3166666666666667 0.08166666666666667 0.26666666666666666
84 0.6525000000000001 0.5083333333333334 0.115 0.15666666666666668
