84 0.36583333333333334 0.8144444444444444 0.155 0.10888888888888888
84 0.49750000000000005 0.8077777777777778 0.10500000000000001 0.09111111111111111
84 0.5808333333333334 0.8511111111111112 0.155 0.12
84 0.5950000000000001 0.9377777777777778 0.14666666666666667 0.10666666666666666
84 0.2725 0.9177777777777778 0.12833333333333335 0.11555555555555555
0 0.8841666666666668 0.5833333333333334 0.18500000000000003 0.7622222222222222
0 0.10250000000000001 0.6077777777777778 0.17500000000000002 0.7222222222222222
0 0.6116666666666667 0.5255555555555556 0.14 0.41555555555555557
0 0.7475 0.4888888888888889 0.12166666666666667 0.4088888888888889
0 0.4591666666666667 0.5177777777777778 0.10500000000000001 0.41333333333333333
0 0.2941666666666667 0.5477777777777778 0.135 0.3844444444444444
0 0.1691666666666667 0.4711111111111111 0.10833333333333334 0.28444444444444444
