84 0.3538230884557721 0.752 0.15292353823088456 0.12
84 0.5089955022488756 0.586 0.19940029985007496 0.12
84 0.7983508245877061 0.721 0.08545727136431784 0.062
84 0.767616191904048 0.778 0.10494752623688156 0.12
84 0.4715142428785607 0.835 0.10344827586206896 0.08600000000000001
84 0.5269865067466266 0.8270000000000001 0.19640179910044978 0.14200000000000002
84 0.6604197901049476 0.731 0.15142428785607195 0.094
0 0.08620689655172413 0.492 0.13343328335832083 0.44
0 0.9167916041979011 0.481 0.12743628185907047 0.406
0 0.2691154422788606 0.447 0.13343328335832083 0.354
0 0.46101949025487254 0.419 0.11244377811094453 0.318
0 0.7413793103448275 0.424 0.12443778110944527 0.272
0 0.5982008995502248 0.41300000000000003 0.1199400299850075 0.262
