84 0.5296296296296297 0.83125 0.12037037037037038 0.11805555555555557
84 0.4777777777777778 0.7784722222222222 0.07407407407407407 0.051388888888888894
0 0.3574074074074074 0.8215277777777779 0.1962962962962963 0.3513888888888889
0 0.11111111111111112 0.8048611111111111 0.1388888888888889 0.34861111111111115
0 0.8685185185185186 0.7618055555555556 0.18888888888888888 0.4013888888888889
0 0.7217592592592593 0.6576388888888889 0.08796296296296297 0.1763888888888889
0 0.6027777777777777 0.6201388888888889 0.11296296296296297 0.2013888888888889
0 0.062037037037037036 0.6222222222222222 0.07592592592592592 0.20277777777777778
0 0.45555555555555555 0.63125 0.08703703703703704 0.1513888888888889
0 0.3472222222222222 0.5729166666666667 0.053703703703703705 0.1763888888888889
0 0.6291666666666667 0.8354166666666667 0.15833333333333333 0.3236111111111111
0 0.18796296296296297 0.6048611111111112 0.07777777777777778 0.16805555555555557
0 0.24537037037037038 0.6833333333333333 0.08888888888888889 0.3277777777777778
