84 0.5749625187406296 0.68 0.0914542728635682 0.07200000000000001
84 0.5494752623688156 0.629 0.0704647676161919 0.074
0 0.3043478260869565 0.632 0.23088455772113942 0.728
0 0.5134932533733133 0.273 0.1394302848575712 0.39
0 0.34407796101949023 0.227 0.08545727136431784 0.262
0 0.062218890554722635 0.579 0.11544227886056971 0.6940000000000001
0 0.7721139430284857 0.604 0.24887556221889054 0.664
0 0.19715142428785606 0.244 0.14842578710644677 0.23600000000000002
0 0.7166416791604198 0.166 0.09295352323838081 0.17200000000000001
0 0.8500749625187406 0.266 0.239880059970015 0.368
0 0.1649175412293853 0.431 0.13793103448275862 0.298
