84 0.542 0.512 0.07200000000000001 0.058666666666666666
0 0.115 0.7 0.17 0.48266666666666663
0 0.358 0.356 0.092 0.264
0 0.879 0.6026666666666667 0.17 0.45866666666666667
0 0.543 0.36133333333333334 0.11800000000000001 0.21066666666666667
0 0.682 0.40399999999999997 0.112 0.216
0 0.259 0.42666666666666664 0.10200000000000001 0.24
0 0.9530000000000001 0.39599999999999996 0.074 0.20533333333333334
0 0.759 0.508 0.122 0.2693333333333333
0 0.318 0.7186666666666667 0.176 0.32266666666666666
0 0.791 0.7853333333333333 0.222 0.3173333333333333
0 0.154 0.4573333333333333 0.136 0.3333333333333333
