0 0.7695417789757413 0.492 0.08355795148247978 0.252
0 0.12870619946091644 0.669 0.14420485175202158 0.47400000000000003
0 0.5128032345013477 0.6940000000000001 0.1307277628032345 0.4
0 0.49932614555256066 0.41400000000000003 0.0660377358490566 0.112
0 0.6287061994609164 0.641 0.09838274932614556 0.422
0 0.5855795148247979 0.421 0.07681940700808626 0.154
0 0.24797843665768196 0.438 0.05390835579514825 0.112
0 0.1293800539083558 0.495 0.08355795148247978 0.19
0 0.702156334231806 0.562 0.08894878706199462 0.308
0 0.19339622641509435 0.455 0.04447439353099731 0.13
0 0.3834231805929919 0.65 0.1064690026954178 0.368
0 0.05525606469002696 0.5740000000000001 0.07277628032345014 0.268
0 0.4070080862533693 0.433 0.05660377358490566 0.114
80 0.23180592991913748 0.266 0.23450134770889489 0.272
