84 0.7239185750636132 0.507 0.3587786259541985 0.21
84 0.5152671755725191 0.157 0.27226463104325704 0.098
84 0.3244274809160306 0.539 0.455470737913486 0.294
84 0.6564885496183207 0.229 0.24936386768447838 0.094
84 0.6819338422391859 0.343 0.30025445292620867 0.158
84 0.37786259541984735 0.07100000000000001 0.18575063613231554 0.11800000000000001
84 0.38804071246819344 0.334 0.31297709923664124 0.152
84 0.6272264631043257 0.097 0.19083969465648856 0.082
84 0.657760814249364 0.801 0.6081424936386769 0.39
84 0.400763358778626 0.221 0.2162849872773537 0.114
