84 0.529 0.612 0.10200000000000001 0.104
84 0.528 0.5439999999999999 0.1 0.06933333333333333
84 0.423 0.7026666666666667 0.31 0.24266666666666667
84 0.40700000000000003 0.536 0.094 0.096
0 0.886 0.6853333333333333 0.18 0.592
0 0.211 0.472 0.08600000000000001 0.2773333333333333
0 0.603 0.3773333333333333 0.114 0.19466666666666665
0 0.28700000000000003 0.40399999999999997 0.10200000000000001 0.2906666666666667
0 0.39 0.39066666666666666 0.108 0.2373333333333333
0 0.151 0.6453333333333333 0.222 0.5439999999999999
0 0.759 0.412 0.114 0.2693333333333333
0 0.498 0.36666666666666664 0.088 0.20533333333333334
0 0.876 0.4453333333333333 0.10400000000000001 0.24
