84 0.269 0.3275862068965517 0.37 0.2863568215892054
84 0.495 0.4497751124437781 0.19 0.13493253373313344
84 0.444 0.6259370314842578 0.26 0.2353823088455772
84 0.13 0.0937031484257871 0.264 0.19040479760119938
84 0.6960000000000001 0.6949025487256372 0.23600000000000002 0.22338830584707645
84 0.677 0.5172413793103449 0.17400000000000002 0.13193403298350825
84 0.187 0.5472263868065966 0.362 0.17091454272863568
84 0.514 0.19415292353823088 0.336 0.2563718140929535
84 0.742 0.9152923538230884 0.264 0.1424287856071964
84 0.8 0.19265367316341828 0.168 0.13343328335832083
84 0.187 0.6469265367316341 0.342 0.15742128935532235
84 0.875 0.6416791604197901 0.158 0.13493253373313344
84 0.671 0.34782608695652173 0.222 0.15892053973013492
84 0.891 0.7961019490254873 0.194 0.14692653673163417
84 0.846 0.5247376311844077 0.248 0.3058470764617691
84 0.834 0.04422788605697151 0.296 0.0914542728635682
84 0.497 0.8605697151424287 0.318 0.24287856071964017
84 0.871 0.27061469265367316 0.23 0.17541229385307347
84 0.494 0.03298350824587706 0.304 0.06896551724137931
