84 0.547 0.7426666666666667 0.166 0.17333333333333334
84 0.498 0.6333333333333333 0.136 0.104
84 0.687 0.78 0.11800000000000001 0.13599999999999998
84 0.341 0.588 0.134 0.11466666666666667
84 0.27 0.43466666666666665 0.096 0.06933333333333333
0 0.191 0.26666666666666666 0.114 0.21866666666666665
0 0.126 0.572 0.20400000000000001 0.6533333333333333
0 0.849 0.6453333333333333 0.194 0.5493333333333333
0 0.427 0.3253333333333333 0.126 0.25066666666666665
0 0.638 0.4373333333333333 0.228 0.3466666666666667
