84 0.527 0.5704787234042553 0.126 0.13031914893617022
84 0.47700000000000004 0.46941489361702127 0.106 0.08244680851063829
84 0.34400000000000003 0.44148936170212766 0.076 0.0851063829787234
84 0.439 0.43218085106382975 0.098 0.06648936170212766
84 0.613 0.8045212765957447 0.13 0.15691489361702127
84 0.39 0.538563829787234 0.152 0.14095744680851063
84 0.458 0.8125 0.092 0.10904255319148935
84 0.7020000000000001 0.4933510638297872 0.08 0.07712765957446809
0 0.507 0.2646276595744681 0.122 0.2154255319148936
0 0.336 0.28191489361702127 0.116 0.2553191489361702
0 0.222 0.324468085106383 0.112 0.31382978723404253
0 0.866 0.1901595744680851 0.07200000000000001 0.2047872340425532
0 0.936 0.3271276595744681 0.1 0.3882978723404255
0 0.109 0.3257978723404255 0.106 0.27393617021276595
0 0.8160000000000001 0.31648936170212766 0.14400000000000002 0.3351063829787234
0 0.658 0.2699468085106383 0.148 0.27393617021276595
