84 0.496 0.6461769115442278 0.244 0.10494752623688156
84 0.843 0.8013493253373313 0.28600000000000003 0.14842578710644677
84 0.7030000000000001 0.6319340329835083 0.17 0.10344827586206896
84 0.129 0.6071964017991004 0.17400000000000002 0.07796101949025487
84 0.604 0.9017991004497751 0.328 0.136431784107946
84 0.058 0.691904047976012 0.12 0.11244377811094453
84 0.217 0.9220389805097451 0.39 0.14992503748125938
0 0.097 0.4452773613193403 0.17 0.24587706146926536
0 0.524 0.49025487256371814 0.152 0.13193403298350825
0 0.72 0.5112443778110944 0.128 0.12893553223388304
0 0.42 0.4542728635682159 0.088 0.15592203898050974
0 0.546 0.4002998500749625 0.164 0.22488755622188905
