84 0.8310000000000001 0.8333333333333333 0.214 0.27999999999999997
84 0.589 0.7586666666666666 0.218 0.27999999999999997
84 0.40700000000000003 0.4746666666666666 0.158 0.18133333333333332
84 0.255 0.7186666666666667 0.15 0.21066666666666667
84 0.41200000000000003 0.6719999999999999 0.17200000000000001 0.27199999999999996
84 0.122 0.6906666666666667 0.136 0.17066666666666666
84 0.56 0.5173333333333333 0.18 0.21333333333333332
84 0.225 0.512 0.194 0.21333333333333332
84 0.739 0.5213333333333333 0.17400000000000002 0.296
0 0.33 0.15733333333333333 0.256 0.32
0 0.667 0.14533333333333334 0.278 0.2906666666666667
