84 0.5390625 0.8333333333333334 0.096875 0.09166666666666666
84 0.56640625 0.759375 0.1046875 0.09375
0 0.23984375000000002 0.7208333333333333 0.2078125 0.5125
0 0.603125 0.3677083333333333 0.07500000000000001 0.3020833333333333
0 0.72265625 0.7354166666666666 0.26406250000000003 0.525
0 0.6625000000000001 0.375 0.07187500000000001 0.2708333333333333
0 0.4703125 0.4114583333333333 0.140625 0.3729166666666667
0 0.87109375 0.45416666666666666 0.1203125 0.375
0 0.27734375 0.31979166666666664 0.11406250000000001 0.18541666666666667
0 0.765625 0.3364583333333333 0.08750000000000001 0.26875
0 0.26875 0.471875 0.16562500000000002 0.2520833333333333
