84 0.6171428571428571 0.4161290322580645 0.23142857142857143 0.26021505376344084
84 0.5971428571428572 0.8494623655913979 0.19714285714285715 0.2709677419354839
84 0.25142857142857145 0.5774193548387097 0.2257142857142857 0.2731182795698925
84 0.465 0.6494623655913978 0.26142857142857145 0.3096774193548387
84 0.7314285714285714 0.3193548387096774 0.19142857142857142 0.1827956989247312
84 0.1792857142857143 0.4161290322580645 0.21 0.1913978494623656
84 0.755 0.6688172043010753 0.2671428571428571 0.3225806451612903
84 0.19428571428571428 0.28817204301075267 0.12857142857142856 0.1032258064516129
84 0.42857142857142855 0.4118279569892473 0.19428571428571428 0.2129032258064516
84 0.335 0.17204301075268819 0.1357142857142857 0.10752688172043011
84 0.9071428571428571 0.24838709677419354 0.1742857142857143 0.1827956989247312
84 0.6142857142857143 0.23655913978494625 0.10285714285714286 0.12903225806451613
84 0.49214285714285716 0.22795698924731184 0.18142857142857144 0.1935483870967742
84 0.6128571428571429 0.13010752688172042 0.07714285714285714 0.1053763440860215
84 0.3392857142857143 0.267741935483871 0.16714285714285715 0.2086021505376344
