84 0.3 0.4010494752623688 0.41600000000000004 0.20539730134932532
84 0.63 0.14392803598200898 0.188 0.12293853073463268
84 0.53 0.335832083958021 0.224 0.13493253373313344
84 0.296 0.27211394302848574 0.228 0.11544227886056971
84 0.728 0.3980509745127436 0.212 0.12743628185907047
84 0.866 0.5337331334332833 0.264 0.19790104947526235
84 0.433 0.13193403298350825 0.226 0.10494752623688156
84 0.723 0.27511244377811095 0.262 0.15142428785607195
84 0.219 0.8380809595202399 0.418 0.2698650674662669
84 0.582 0.7158920539730135 0.36 0.280359820089955
84 0.47200000000000003 0.20914542728635682 0.232 0.13043478260869565
84 0.583 0.48500749625187406 0.23 0.15442278860569714
84 0.23 0.6371814092953523 0.388 0.22188905547226387
