84 0.5042372881355932 0.1426553672316384 0.3389830508474576 0.2457627118644068
84 0.4809322033898305 0.5409604519774012 0.2754237288135593 0.16101694915254236
84 0.2775423728813559 0.327683615819209 0.15677966101694915 0.1016949152542373
84 0.3877118644067797 0.3446327683615819 0.2584745762711864 0.192090395480226
84 0.7521186440677966 0.09887005649717515 0.1228813559322034 0.10734463276836158
84 0.6080508474576272 0.3107344632768362 0.18220338983050846 0.1016949152542373
0 0.8665254237288136 0.5070621468926554 0.25 0.2344632768361582
0 0.8771186440677966 0.2951977401129943 0.2288135593220339 0.1553672316384181
0 0.8940677966101694 0.08333333333333333 0.19491525423728814 0.16666666666666666
0 0.07627118644067797 0.3347457627118644 0.16101694915254236 0.2514124293785311
