84 0.45859375 0.9208333333333333 0.35468750000000004 0.14583333333333334
84 0.6414062500000001 0.6833333333333333 0.1078125 0.0875
84 0.4390625 0.7416666666666667 0.115625 0.12083333333333333
84 0.74140625 0.625 0.1234375 0.05416666666666667
0 0.10859375 0.575 0.1703125 0.44166666666666665
0 0.67734375 0.46979166666666666 0.1421875 0.2604166666666667
0 0.48984375 0.4875 0.15156250000000002 0.2625
0 0.49843750000000003 0.346875 0.084375 0.20208333333333334
0 0.2921875 0.53125 0.125 0.32916666666666666
0 0.8656250000000001 0.44375 0.1375 0.3208333333333333
0 0.553125 0.45625 0.07500000000000001 0.2
0 0.80625 0.37083333333333335 0.065625 0.12916666666666665
