84 0.605 0.8653333333333333 0.17 0.16799999999999998
84 0.506 0.756 0.14 0.13066666666666665
84 0.322 0.8466666666666667 0.192 0.16266666666666665
84 0.673 0.7879999999999999 0.11800000000000001 0.09333333333333332
84 0.584 0.7133333333333333 0.12 0.09333333333333332
84 0.8170000000000001 0.8813333333333333 0.11 0.12533333333333332
84 0.47300000000000003 0.9026666666666666 0.166 0.15733333333333333
0 0.483 0.5546666666666666 0.08600000000000001 0.26666666666666666
0 0.394 0.568 0.084 0.24
0 0.896 0.6639999999999999 0.152 0.42133333333333334
0 0.37 0.416 0.1 0.26666666666666666
0 0.666 0.42533333333333334 0.112 0.25866666666666666
0 0.584 0.5546666666666666 0.112 0.27199999999999996
0 0.291 0.572 0.10200000000000001 0.24266666666666667
0 0.191 0.5133333333333333 0.11 0.41333333333333333
0 0.515 0.416 0.098 0.23466666666666666
0 0.073 0.5013333333333333 0.11 0.4106666666666667
0 0.769 0.5906666666666667 0.122 0.30133333333333334
0 0.274 0.4333333333333333 0.07200000000000001 0.20533333333333334
0 0.6880000000000001 0.572 0.076 0.216
