84 0.5700000000000001 0.3775811209439528 0.16 0.16519174041297935
84 0.272 0.668141592920354 0.28 0.3392330383480826
84 0.378 0.47787610619469023 0.136 0.15339233038348082
84 0.431 0.3864306784660767 0.106 0.13569321533923304
84 0.324 0.3495575221238938 0.116 0.14454277286135692
84 0.833 0.5 0.126 0.18584070796460178
84 0.424 0.8820058997050148 0.224 0.20648967551622419
84 0.933 0.47787610619469023 0.114 0.1592920353982301
84 0.07100000000000001 0.6696165191740413 0.14200000000000002 0.25958702064896755
84 0.6990000000000001 0.7728613569321534 0.31 0.37168141592920356
84 0.17500000000000002 0.3554572271386431 0.14200000000000002 0.14454277286135692
84 0.652 0.29793510324483774 0.10400000000000001 0.1415929203539823
84 0.499 0.2935103244837758 0.122 0.09734513274336283
84 0.858 0.359882005899705 0.148 0.1592920353982301
84 0.55 0.528023598820059 0.2 0.18289085545722714
