84 0.643928035982009 0.756 0.10044977511244378 0.092
84 0.527736131934033 0.748 0.10794602698650674 0.08
84 0.4025487256371814 0.724 0.10344827586206896 0.088
84 0.5097451274362819 0.672 0.08695652173913043 0.084
0 0.9062968515742129 0.656 0.15742128935532235 0.54
0 0.6559220389805097 0.536 0.1394302848575712 0.232
0 0.30059970014992504 0.444 0.1394302848575712 0.40800000000000003
0 0.48275862068965514 0.49 0.1619190404797601 0.28800000000000003
0 0.14692653673163417 0.673 0.24287856071964017 0.49
0 0.7293853073463268 0.47800000000000004 0.10044977511244378 0.272
0 0.8710644677661169 0.583 0.13193403298350825 0.41400000000000003
0 0.8455772113943029 0.509 0.10194902548725637 0.294
0 0.1184407796101949 0.533 0.19790104947526235 0.406
