84 0.8183760683760685 0.873 0.33760683760683763 0.226
84 0.41773504273504275 0.518 0.35683760683760685 0.28800000000000003
84 0.653846153846154 0.298 0.3803418803418804 0.228
84 0.778846153846154 0.585 0.4380341880341881 0.354
84 0.13995726495726496 0.481 0.26709401709401714 0.23
84 0.9081196581196582 0.20500000000000002 0.1623931623931624 0.13
84 0.2991452991452992 0.809 0.4658119658119659 0.326
84 0.3301282051282052 0.309 0.2542735042735043 0.166
84 0.47222222222222227 0.42 0.22222222222222224 0.096
84 0.35790598290598297 0.741 0.34401709401709407 0.182
84 0.1826923076923077 0.267 0.1388888888888889 0.126
