84 0.583 0.6013333333333333 0.08600000000000001 0.07733333333333334
0 0.6950000000000001 0.472 0.10200000000000001 0.20266666666666666
0 0.137 0.6093333333333333 0.146 0.3973333333333333
0 0.35100000000000003 0.4066666666666667 0.094 0.16799999999999998
0 0.233 0.5906666666666667 0.10200000000000001 0.34933333333333333
0 0.28200000000000003 0.5226666666666666 0.084 0.21333333333333332
0 0.812 0.492 0.096 0.216
0 0.52 0.45999999999999996 0.088 0.17333333333333334
0 0.611 0.45599999999999996 0.074 0.17066666666666666
0 0.54 0.3893333333333333 0.056 0.13333333333333333
0 0.894 0.5866666666666667 0.14400000000000002 0.4053333333333333
0 0.34800000000000003 0.4973333333333333 0.07200000000000001 0.17866666666666667
0 0.448 0.4013333333333333 0.068 0.17333333333333334
0 0.44 0.48 0.08 0.16533333333333333
